LECROYWR104Xi,20088,Waveform
Segments,1,SegmentSize,2502
Segment,TrigTime,TimeSinceSegment1
#1,26-Sep-2016 03:41:35,0                 
Time,Ampl
-4.91838e-008,-0.00162359
-4.89838e-008,0.00477616
-4.87838e-008,-0.00162359
-4.85838e-008,-0.00162359
-4.83838e-008,0.0111759
-4.81838e-008,-0.00802335
-4.79838e-008,-0.00162359
-4.77838e-008,-0.00162359
-4.75838e-008,-0.0144231
-4.73838e-008,-0.00162359
-4.71838e-008,0.00477616
-4.69838e-008,-0.0144231
-4.67838e-008,-0.00162359
-4.65838e-008,0.00477616
-4.63838e-008,-0.00162359
-4.61838e-008,-0.00162359
-4.59838e-008,0.0111759
-4.57838e-008,0.00477616
-4.55838e-008,-0.00162359
-4.53838e-008,0.0111759
-4.51838e-008,-0.00162359
-4.49838e-008,0.00477616
-4.47838e-008,0.00477616
-4.45838e-008,-0.00162359
-4.43838e-008,-0.0144231
-4.41838e-008,-0.00802335
-4.39838e-008,-0.00802335
-4.37838e-008,0.00477616
-4.35838e-008,-0.00162359
-4.33838e-008,-0.00162359
-4.31838e-008,0.00477616
-4.29838e-008,0.0111759
-4.27838e-008,-0.00162359
-4.25838e-008,-0.00802335
-4.23838e-008,-0.00162359
-4.21838e-008,-0.00162359
-4.19838e-008,-0.00802335
-4.17838e-008,-0.00162359
-4.15838e-008,-0.00802335
-4.13838e-008,-0.00162359
-4.11838e-008,-0.00162359
-4.09838e-008,-0.00802335
-4.07838e-008,0.00477616
-4.05838e-008,0.00477616
-4.03838e-008,-0.0144231
-4.01838e-008,-0.00162359
-3.99838e-008,-0.00802335
-3.97838e-008,-0.00162359
-3.95838e-008,-0.00162359
-3.93838e-008,-0.00162359
-3.91838e-008,-0.00162359
-3.89838e-008,-0.00162359
-3.87838e-008,-0.00162359
-3.85838e-008,-0.00162359
-3.83838e-008,-0.0144231
-3.81838e-008,-0.00162359
-3.79838e-008,-0.00162359
-3.77838e-008,-0.00162359
-3.75838e-008,-0.00162359
-3.73838e-008,-0.00802335
-3.71838e-008,-0.00162359
-3.69838e-008,-0.0144231
-3.67838e-008,-0.0144231
-3.65838e-008,0.00477616
-3.63838e-008,-0.00162359
-3.61838e-008,0.0111759
-3.59838e-008,0.00477616
-3.57838e-008,-0.00162359
-3.55838e-008,-0.00802335
-3.53838e-008,0.00477616
-3.51838e-008,0.00477616
-3.49838e-008,0.00477616
-3.47838e-008,-0.00162359
-3.45838e-008,0.00477616
-3.43838e-008,0.0111759
-3.41838e-008,-0.00162359
-3.39838e-008,0.00477616
-3.37838e-008,0.0175757
-3.35838e-008,-0.00162359
-3.33838e-008,-0.00802335
-3.31838e-008,-0.00162359
-3.29838e-008,0.0111759
-3.27838e-008,0.0111759
-3.25838e-008,0.0175757
-3.23838e-008,0.0111759
-3.21838e-008,0.0111759
-3.19838e-008,0.00477616
-3.17838e-008,-0.00802335
-3.15838e-008,0.0111759
-3.13838e-008,0.00477616
-3.11838e-008,-0.00802335
-3.09838e-008,0.00477616
-3.07838e-008,-0.00162359
-3.05838e-008,0.00477616
-3.03838e-008,-0.00802335
-3.01838e-008,-0.0144231
-2.99838e-008,-0.00802335
-2.97838e-008,0.00477616
-2.95838e-008,-0.00162359
-2.93838e-008,0.0111759
-2.91838e-008,-0.00802335
-2.89838e-008,-0.00162359
-2.87838e-008,-0.00162359
-2.85838e-008,-0.00802335
-2.83838e-008,-0.0144231
-2.81838e-008,-0.00802335
-2.79838e-008,-0.00162359
-2.77838e-008,0.0111759
-2.75838e-008,-0.00162359
-2.73838e-008,-0.00802335
-2.71838e-008,0.00477616
-2.69838e-008,0.0111759
-2.67838e-008,0.0111759
-2.65838e-008,0.00477616
-2.63838e-008,-0.00162359
-2.61838e-008,0.00477616
-2.59838e-008,-0.00162359
-2.57838e-008,0.00477616
-2.55838e-008,0.00477616
-2.53838e-008,-0.00802335
-2.51838e-008,-0.00802335
-2.49838e-008,0.00477616
-2.47838e-008,-0.0144231
-2.45838e-008,-0.00162359
-2.43838e-008,-0.00802335
-2.41838e-008,-0.0144231
-2.39838e-008,-0.00802335
-2.37838e-008,0.00477616
-2.35838e-008,-0.00162359
-2.33838e-008,-0.00162359
-2.31838e-008,0.0111759
-2.29838e-008,-0.00162359
-2.27838e-008,0.00477616
-2.25838e-008,-0.00162359
-2.23838e-008,-0.00162359
-2.21838e-008,-0.00802335
-2.19838e-008,0.00477616
-2.17838e-008,0.00477616
-2.15838e-008,-0.00162359
-2.13838e-008,-0.00162359
-2.11838e-008,-0.00802335
-2.09838e-008,-0.00162359
-2.07838e-008,-0.00162359
-2.05838e-008,-0.00162359
-2.03838e-008,-0.00802335
-2.01838e-008,-0.00162359
-1.99838e-008,0.00477616
-1.97838e-008,-0.00162359
-1.95838e-008,0.00477616
-1.93838e-008,-0.00162359
-1.91838e-008,-0.00162359
-1.89838e-008,0.0111759
-1.87838e-008,-0.00162359
-1.85838e-008,0.00477616
-1.83838e-008,0.00477616
-1.81838e-008,-0.00802335
-1.79838e-008,-0.00162359
-1.77838e-008,-0.00162359
-1.75838e-008,-0.00162359
-1.73838e-008,0.00477616
-1.71838e-008,-0.00162359
-1.69838e-008,-0.00162359
-1.67838e-008,-0.00162359
-1.65838e-008,0.00477616
-1.63838e-008,-0.00802335
-1.61838e-008,-0.00162359
-1.59838e-008,-0.00802335
-1.57838e-008,-0.00802335
-1.55838e-008,-0.00162359
-1.53838e-008,-0.00802335
-1.51838e-008,-0.00802335
-1.49838e-008,0.00477616
-1.47838e-008,0.00477616
-1.45838e-008,-0.00802335
-1.43838e-008,-0.00162359
-1.41838e-008,-0.00162359
-1.39838e-008,-0.00162359
-1.37838e-008,-0.00802335
-1.35838e-008,-0.00162359
-1.33838e-008,-0.00162359
-1.31838e-008,-0.00162359
-1.29838e-008,-0.00802335
-1.27838e-008,-0.00162359
-1.25838e-008,-0.00802335
-1.23838e-008,-0.00802335
-1.21838e-008,-0.00802335
-1.19838e-008,-0.00162359
-1.17838e-008,0.0111759
-1.15838e-008,0.00477616
-1.13838e-008,-0.00162359
-1.11838e-008,-0.00162359
-1.09838e-008,-0.0144231
-1.07838e-008,-0.00162359
-1.05838e-008,0.00477616
-1.03838e-008,-0.00162359
-1.01838e-008,-0.00162359
-9.983798e-009,0.00477616
-9.783798e-009,-0.00162359
-9.583798e-009,-0.00162359
-9.383798e-009,-0.00802335
-9.183798e-009,-0.0144231
-8.983798e-009,-0.0144231
-8.783798e-009,-0.0144231
-8.583798e-009,-0.00802335
-8.383798e-009,-0.0144231
-8.183798e-009,-0.00162359
-7.983798e-009,-0.00802335
-7.783798e-009,0.00477616
-7.583798e-009,-0.00162359
-7.383798e-009,-0.00802335
-7.183798e-009,-0.00802335
-6.983798e-009,-0.00162359
-6.783798e-009,-0.00802335
-6.583798e-009,-0.00802335
-6.383798e-009,-0.0144231
-6.183798e-009,-0.00802335
-5.983798e-009,-0.00802335
-5.783798e-009,0.00477616
-5.583798e-009,-0.00802335
-5.383798e-009,-0.00802335
-5.183798e-009,0.0111759
-4.983798e-009,0.00477616
-4.783798e-009,-0.00802335
-4.583798e-009,-0.00802335
-4.383798e-009,-0.00162359
-4.183798e-009,-0.00162359
-3.983798e-009,-0.00162359
-3.783798e-009,0.00477616
-3.583798e-009,0.00477616
-3.383798e-009,0.00477616
-3.183798e-009,0.0111759
-2.983798e-009,0.0111759
-2.783798e-009,0.0111759
-2.583798e-009,0.0175757
-2.383798e-009,-0.00162359
-2.183798e-009,0.0175757
-1.983798e-009,0.0111759
-1.783798e-009,0.0111759
-1.583798e-009,0.00477616
-1.383798e-009,-0.00802335
-1.183798e-009,-0.00162359
-9.837982e-010,0.00477616
-7.837982e-010,-0.00802335
-5.837982e-010,-0.00802335
-3.837982e-010,-0.00802335
-1.837982e-010,-0.00802335
1.620184e-011,-0.00802335
2.162018e-010,0.00477616
4.162018e-010,-0.00162359
6.162018e-010,0.00477616
8.162018e-010,0.0111759
1.016202e-009,-0.00162359
1.216202e-009,-0.00802335
1.416202e-009,0.00477616
1.616202e-009,-0.00802335
1.816202e-009,-0.00162359
2.016202e-009,-0.00162359
2.216202e-009,-0.00162359
2.416202e-009,-0.00162359
2.616202e-009,-0.00162359
2.816202e-009,-0.00802335
3.016202e-009,-0.00162359
3.216202e-009,-0.00802335
3.416202e-009,-0.0144231
3.616202e-009,0.00477616
3.816202e-009,-0.00162359
4.016202e-009,-0.00162359
4.216202e-009,0.00477616
4.416202e-009,0.00477616
4.616202e-009,-0.00802335
4.816202e-009,-0.00802335
5.016202e-009,0.0111759
5.216202e-009,0.0175757
5.416202e-009,0.0111759
5.616202e-009,-0.00802335
5.816202e-009,-0.0144231
6.016202e-009,0.0111759
6.216202e-009,-0.00162359
6.416202e-009,-0.00802335
6.616202e-009,0.0111759
6.816202e-009,-0.00162359
7.016202e-009,0.00477616
7.216202e-009,-0.00162359
7.416202e-009,-0.00162359
7.616202e-009,-0.00802335
7.816202e-009,0.0175757
8.016202e-009,-0.00162359
8.216202e-009,-0.00162359
8.416202e-009,-0.00802335
8.616202e-009,0.00477616
8.816202e-009,-0.00162359
9.016202e-009,-0.00162359
9.216202e-009,-0.00162359
9.416202e-009,-0.00162359
9.616202e-009,-0.00162359
9.816202e-009,-0.00162359
1.00162e-008,-0.00802335
1.02162e-008,0.00477616
1.04162e-008,-0.00162359
1.06162e-008,-0.00802335
1.08162e-008,-0.00802335
1.10162e-008,0.00477616
1.12162e-008,-0.00162359
1.14162e-008,-0.00802335
1.16162e-008,-0.00162359
1.18162e-008,-0.00162359
1.20162e-008,0.00477616
1.22162e-008,-0.00162359
1.24162e-008,-0.00802335
1.26162e-008,-0.00162359
1.28162e-008,0.00477616
1.30162e-008,-0.00802335
1.32162e-008,-0.0144231
1.34162e-008,-0.0144231
1.36162e-008,-0.00162359
1.38162e-008,-0.00802335
1.40162e-008,-0.00162359
1.42162e-008,-0.00162359
1.44162e-008,-0.00802335
1.46162e-008,0.00477616
1.48162e-008,-0.00802335
1.50162e-008,-0.00162359
1.52162e-008,0.00477616
1.54162e-008,0.00477616
1.56162e-008,-0.00162359
1.58162e-008,0.00477616
1.60162e-008,0.0175757
1.62162e-008,-0.00162359
1.64162e-008,0.00477616
1.66162e-008,-0.00162359
1.68162e-008,0.00477616
1.70162e-008,0.00477616
1.72162e-008,-0.00162359
1.74162e-008,0.00477616
1.76162e-008,0.0111759
1.78162e-008,-0.00162359
1.80162e-008,-0.0144231
1.82162e-008,-0.00162359
1.84162e-008,-0.00802335
1.86162e-008,0.00477616
1.88162e-008,0.00477616
1.90162e-008,0.00477616
1.92162e-008,-0.00162359
1.94162e-008,-0.00162359
1.96162e-008,-0.00162359
1.98162e-008,-0.00162359
2.00162e-008,-0.00162359
2.02162e-008,-0.00162359
2.04162e-008,-0.00162359
2.06162e-008,0.0111759
2.08162e-008,-0.00162359
2.10162e-008,0.00477616
2.12162e-008,0.00477616
2.14162e-008,-0.00802335
2.16162e-008,-0.00802335
2.18162e-008,-0.00162359
2.20162e-008,0.00477616
2.22162e-008,0.0111759
2.24162e-008,-0.00802335
2.26162e-008,-0.00162359
2.28162e-008,-0.00802335
2.30162e-008,0.00477616
2.32162e-008,-0.0144231
2.34162e-008,0.00477616
2.36162e-008,0.00477616
2.38162e-008,-0.00802335
2.40162e-008,-0.00162359
2.42162e-008,0.00477616
2.44162e-008,-0.00162359
2.46162e-008,-0.00162359
2.48162e-008,-0.00162359
2.50162e-008,-0.00802335
2.52162e-008,-0.00162359
2.54162e-008,-0.00802335
2.56162e-008,-0.0208229
2.58162e-008,-0.0208229
2.60162e-008,-0.00162359
2.62162e-008,-0.00802335
2.64162e-008,-0.00802335
2.66162e-008,-0.0144231
2.68162e-008,-0.00802335
2.70162e-008,-0.00802335
2.72162e-008,-0.00802335
2.74162e-008,-0.00802335
2.76162e-008,-0.00802335
2.78162e-008,0.00477616
2.80162e-008,-0.00162359
2.82162e-008,-0.00162359
2.84162e-008,0.00477616
2.86162e-008,0.00477616
2.88162e-008,0.0111759
2.90162e-008,0.00477616
2.92162e-008,-0.00162359
2.94162e-008,-0.00162359
2.96162e-008,0.0111759
2.98162e-008,0.00477616
3.00162e-008,0.00477616
3.02162e-008,0.0111759
3.04162e-008,0.00477616
3.06162e-008,-0.00162359
3.08162e-008,-0.00162359
3.10162e-008,-0.00802335
3.12162e-008,-0.00162359
3.14162e-008,0.00477616
3.16162e-008,0.00477616
3.18162e-008,0.00477616
3.20162e-008,0.00477616
3.22162e-008,-0.00802335
3.24162e-008,-0.00802335
3.26162e-008,-0.00802335
3.28162e-008,0.00477616
3.30162e-008,-0.00162359
3.32162e-008,-0.0144231
3.34162e-008,-0.00802335
3.36162e-008,-0.00162359
3.38162e-008,0.00477616
3.40162e-008,-0.00802335
3.42162e-008,-0.00802335
3.44162e-008,0.00477616
3.46162e-008,-0.00802335
3.48162e-008,-0.0144231
3.50162e-008,0.00477616
3.52162e-008,-0.00802335
3.54162e-008,-0.00162359
3.56162e-008,-0.00162359
3.58162e-008,0.00477616
3.60162e-008,0.00477616
3.62162e-008,0.00477616
3.64162e-008,-0.00162359
3.66162e-008,0.00477616
3.68162e-008,-0.00802335
3.70162e-008,0.00477616
3.72162e-008,-0.00162359
3.74162e-008,-0.00162359
3.76162e-008,-0.00802335
3.78162e-008,0.00477616
3.80162e-008,-0.00162359
3.82162e-008,-0.00162359
3.84162e-008,-0.00162359
3.86162e-008,0.00477616
3.88162e-008,-0.00162359
3.90162e-008,0.00477616
3.92162e-008,-0.00802335
3.94162e-008,-0.00802335
3.96162e-008,0.00477616
3.98162e-008,-0.00802335
4.00162e-008,-0.0144231
4.02162e-008,-0.00162359
4.04162e-008,0.0111759
4.06162e-008,0.00477616
4.08162e-008,-0.00162359
4.10162e-008,0.0111759
4.12162e-008,0.00477616
4.14162e-008,-0.00162359
4.16162e-008,-0.00162359
4.18162e-008,-0.00802335
4.20162e-008,-0.00802335
4.22162e-008,-0.00802335
4.24162e-008,-0.0144231
4.26162e-008,-0.00802335
4.28162e-008,0.00477616
4.30162e-008,-0.00802335
4.32162e-008,-0.00802335
4.34162e-008,0.00477616
4.36162e-008,-0.00162359
4.38162e-008,-0.00162359
4.40162e-008,0.00477616
4.42162e-008,-0.00162359
4.44162e-008,-0.00802335
4.46162e-008,0.00477616
4.48162e-008,-0.00162359
4.50162e-008,0.00477616
4.52162e-008,-0.00802335
4.54162e-008,0.00477616
4.56162e-008,0.00477616
4.58162e-008,-0.00162359
4.60162e-008,-0.00162359
4.62162e-008,0.0175757
4.64162e-008,-0.00802335
4.66162e-008,0.00477616
4.68162e-008,-0.00162359
4.70162e-008,0.00477616
4.72162e-008,0.00477616
4.74162e-008,-0.00162359
4.76162e-008,-0.00162359
4.78162e-008,0.00477616
4.80162e-008,-0.00162359
4.82162e-008,-0.0144231
4.84162e-008,-0.00802335
4.86162e-008,-0.00162359
4.88162e-008,-0.0144231
4.90162e-008,-0.00802335
4.92162e-008,-0.00162359
4.94162e-008,-0.00162359
4.96162e-008,-0.00802335
4.98162e-008,-0.00162359
5.00162e-008,-0.00162359
5.02162e-008,-0.00162359
5.04162e-008,-0.00162359
5.06162e-008,-0.00162359
5.08162e-008,-0.00162359
5.10162e-008,0.00477616
5.12162e-008,0.00477616
5.14162e-008,-0.00802335
5.16162e-008,-0.00802335
5.18162e-008,-0.00802335
5.20162e-008,-0.00802335
5.22162e-008,-0.00162359
5.24162e-008,0.00477616
5.26162e-008,-0.00162359
5.28162e-008,0.00477616
5.30162e-008,0.0111759
5.32162e-008,-0.00162359
5.34162e-008,-0.00162359
5.36162e-008,-0.00162359
5.38162e-008,-0.00162359
5.40162e-008,-0.00802335
5.42162e-008,-0.00162359
5.44162e-008,-0.00802335
5.46162e-008,-0.00162359
5.48162e-008,0.0111759
5.50162e-008,-0.00162359
5.52162e-008,0.00477616
5.54162e-008,0.00477616
5.56162e-008,-0.00802335
5.58162e-008,0.00477616
5.60162e-008,-0.00802335
5.62162e-008,-0.00802335
5.64162e-008,0.00477616
5.66162e-008,0.00477616
5.68162e-008,-0.00162359
5.70162e-008,0.00477616
5.72162e-008,0.0111759
5.74162e-008,0.00477616
5.76162e-008,0.0111759
5.78162e-008,0.00477616
5.80162e-008,-0.0144231
5.82162e-008,-0.00162359
5.84162e-008,0.00477616
5.86162e-008,0.00477616
5.88162e-008,0.00477616
5.90162e-008,0.0111759
5.92162e-008,-0.00802335
5.94162e-008,-0.00162359
5.96162e-008,0.00477616
5.98162e-008,0.0111759
6.00162e-008,-0.00162359
6.02162e-008,0.00477616
6.04162e-008,-0.00802335
6.06162e-008,-0.00162359
6.08162e-008,0.0111759
6.10162e-008,0.0111759
6.12162e-008,-0.00802335
6.14162e-008,-0.00162359
6.16162e-008,0.00477616
6.18162e-008,-0.00802335
6.20162e-008,0.00477616
6.22162e-008,-0.00162359
6.24162e-008,-0.0144231
6.26162e-008,-0.00802335
6.28162e-008,-0.00802335
6.30162e-008,-0.0144231
6.32162e-008,0.00477616
6.34162e-008,-0.00802335
6.36162e-008,-0.00162359
6.38162e-008,0.0111759
6.40162e-008,-0.00802335
6.42162e-008,-0.00802335
6.44162e-008,-0.00162359
6.46162e-008,-0.00162359
6.48162e-008,-0.00162359
6.50162e-008,-0.00162359
6.52162e-008,-0.00162359
6.54162e-008,0.00477616
6.56162e-008,-0.00162359
6.58162e-008,-0.00162359
6.60162e-008,0.00477616
6.62162e-008,0.0111759
6.64162e-008,-0.00162359
6.66162e-008,0.0111759
6.68162e-008,0.00477616
6.70162e-008,-0.00162359
6.72162e-008,0.0111759
6.74162e-008,0.00477616
6.76162e-008,-0.00802335
6.78162e-008,-0.00162359
6.80162e-008,0.00477616
6.82162e-008,0.00477616
6.84162e-008,-0.0144231
6.86162e-008,-0.00162359
6.88162e-008,-0.00162359
6.90162e-008,0.00477616
6.92162e-008,-0.00162359
6.94162e-008,0.00477616
6.96162e-008,-0.00802335
6.98162e-008,-0.00802335
7.00162e-008,-0.00162359
7.02162e-008,-0.00162359
7.04162e-008,0.00477616
7.06162e-008,-0.00162359
7.08162e-008,0.00477616
7.10162e-008,-0.00162359
7.12162e-008,-0.00162359
7.14162e-008,0.00477616
7.16162e-008,0.0111759
7.18162e-008,0.0111759
7.20162e-008,0.00477616
7.22162e-008,-0.00802335
7.24162e-008,0.00477616
7.26162e-008,-0.00162359
7.28162e-008,0.00477616
7.30162e-008,-0.0144231
7.32162e-008,-0.00162359
7.34162e-008,0.0111759
7.36162e-008,-0.00162359
7.38162e-008,-0.00162359
7.40162e-008,-0.00162359
7.42162e-008,-0.00802335
7.44162e-008,-0.00162359
7.46162e-008,-0.00162359
7.48162e-008,0.00477616
7.50162e-008,0.0111759
7.52162e-008,0.00477616
7.54162e-008,-0.00802335
7.56162e-008,-0.00802335
7.58162e-008,-0.00802335
7.60162e-008,-0.00802335
7.62162e-008,0.00477616
7.64162e-008,-0.00162359
7.66162e-008,-0.00802335
7.68162e-008,-0.00162359
7.70162e-008,0.00477616
7.72162e-008,0.00477616
7.74162e-008,-0.00802335
7.76162e-008,0.00477616
7.78162e-008,-0.00162359
7.80162e-008,0.00477616
7.82162e-008,0.0111759
7.84162e-008,-0.00162359
7.86162e-008,-0.00162359
7.88162e-008,0.0111759
7.90162e-008,0.00477616
7.92162e-008,-0.0144231
7.94162e-008,-0.00162359
7.96162e-008,-0.00162359
7.98162e-008,0.0111759
8.00162e-008,-0.00162359
8.02162e-008,0.00477616
8.04162e-008,-0.00802335
8.06162e-008,0.0111759
8.08162e-008,-0.00162359
8.10162e-008,-0.00162359
8.12162e-008,-0.00162359
8.14162e-008,-0.00162359
8.16162e-008,0.0111759
8.18162e-008,0.00477616
8.20162e-008,-0.00162359
8.22162e-008,-0.00162359
8.24162e-008,0.00477616
8.26162e-008,-0.00802335
8.28162e-008,-0.0144231
8.30162e-008,-0.00162359
8.32162e-008,-0.00162359
8.34162e-008,0.00477616
8.36162e-008,0.00477616
8.38162e-008,-0.00162359
8.40162e-008,0.0111759
8.42162e-008,0.0111759
8.44162e-008,-0.00802335
8.46162e-008,-0.00802335
8.48162e-008,-0.00162359
8.50162e-008,-0.00162359
8.52162e-008,-0.00162359
8.54162e-008,0.00477616
8.56162e-008,-0.00162359
8.58162e-008,-0.00162359
8.60162e-008,-0.00162359
8.62162e-008,-0.00802335
8.64162e-008,-0.00802335
8.66162e-008,0.00477616
8.68162e-008,0.00477616
8.70162e-008,0.00477616
8.72162e-008,-0.00162359
8.74162e-008,-0.00162359
8.76162e-008,-0.00802335
8.78162e-008,-0.00162359
8.80162e-008,-0.00162359
8.82162e-008,-0.00162359
8.84162e-008,-0.0144231
8.86162e-008,-0.0144231
8.88162e-008,0.00477616
8.90162e-008,0.00477616
8.92162e-008,-0.00802335
8.94162e-008,0.00477616
8.96162e-008,0.0111759
8.98162e-008,0.00477616
9.00162e-008,0.0111759
9.02162e-008,0.00477616
9.04162e-008,-0.00162359
9.06162e-008,0.0111759
9.08162e-008,0.0111759
9.10162e-008,-0.00162359
9.12162e-008,0.0111759
9.14162e-008,-0.00802335
9.16162e-008,0.0111759
9.18162e-008,0.0111759
9.20162e-008,-0.00162359
9.22162e-008,-0.00802335
9.24162e-008,0.00477616
9.26162e-008,-0.00802335
9.28162e-008,-0.00162359
9.30162e-008,0.00477616
9.32162e-008,-0.00162359
9.34162e-008,-0.00802335
9.36162e-008,-0.00802335
9.38162e-008,-0.00802335
9.40162e-008,-0.00802335
9.42162e-008,-0.00802335
9.44162e-008,-0.00802335
9.46162e-008,-0.00802335
9.48162e-008,-0.00802335
9.50162e-008,-0.00802335
9.52162e-008,-0.0144231
9.54162e-008,-0.0208229
9.56162e-008,-0.00802335
9.58162e-008,-0.00162359
9.60162e-008,-0.00802335
9.62162e-008,-0.00802335
9.64162e-008,-0.00162359
9.66162e-008,0.0111759
9.68162e-008,0.00477616
9.70162e-008,-0.00802335
9.72162e-008,0.00477616
9.74162e-008,-0.00162359
9.76162e-008,-0.00802335
9.78162e-008,-0.00162359
9.80162e-008,0.00477616
9.82162e-008,0.0111759
9.84162e-008,0.0111759
9.86162e-008,0.00477616
9.88162e-008,-0.00802335
9.90162e-008,0.00477616
9.92162e-008,0.00477616
9.94162e-008,-0.00162359
9.96162e-008,0.00477616
9.98162e-008,0.00477616
1.000162e-007,-0.00162359
1.002162e-007,-0.00162359
1.004162e-007,-0.00162359
1.006162e-007,-0.00802335
1.008162e-007,-0.00802335
1.010162e-007,-0.00162359
1.012162e-007,-0.0144231
1.014162e-007,-0.00802335
1.016162e-007,0.00477616
1.018162e-007,0.00477616
1.020162e-007,-0.00162359
1.022162e-007,0.00477616
1.024162e-007,-0.00802335
1.026162e-007,-0.00802335
1.028162e-007,0.0111759
1.030162e-007,-0.00162359
1.032162e-007,0.00477616
1.034162e-007,-0.00162359
1.036162e-007,-0.00802335
1.038162e-007,-0.00162359
1.040162e-007,0.00477616
1.042162e-007,-0.00802335
1.044162e-007,-0.00162359
1.046162e-007,-0.00162359
1.048162e-007,-0.0144231
1.050162e-007,-0.0144231
1.052162e-007,0.00477616
1.054162e-007,-0.00162359
1.056162e-007,0.00477616
1.058162e-007,-0.00162359
1.060162e-007,0.00477616
1.062162e-007,-0.00802335
1.064162e-007,0.00477616
1.066162e-007,-0.00162359
1.068162e-007,-0.00802335
1.070162e-007,0.0111759
1.072162e-007,0.00477616
1.074162e-007,-0.00162359
1.076162e-007,-0.00162359
1.078162e-007,-0.00162359
1.080162e-007,0.00477616
1.082162e-007,-0.00162359
1.084162e-007,-0.00162359
1.086162e-007,-0.0144231
1.088162e-007,-0.00802335
1.090162e-007,0.00477616
1.092162e-007,-0.00802335
1.094162e-007,-0.00162359
1.096162e-007,-0.0144231
1.098162e-007,-0.00802335
1.100162e-007,0.00477616
1.102162e-007,-0.00802335
1.104162e-007,0.0111759
1.106162e-007,-0.00162359
1.108162e-007,-0.00802335
1.110162e-007,-0.00162359
1.112162e-007,-0.0144231
1.114162e-007,-0.0144231
1.116162e-007,-0.00802335
1.118162e-007,0.00477616
1.120162e-007,0.00477616
1.122162e-007,-0.00802335
1.124162e-007,-0.00162359
1.126162e-007,-0.0144231
1.128162e-007,-0.00802335
1.130162e-007,-0.00162359
1.132162e-007,-0.00162359
1.134162e-007,-0.0144231
1.136162e-007,0.00477616
1.138162e-007,0.00477616
1.140162e-007,0.00477616
1.142162e-007,0.00477616
1.144162e-007,-0.00162359
1.146162e-007,-0.0208229
1.148162e-007,0.0111759
1.150162e-007,0.00477616
1.152162e-007,-0.00162359
1.154162e-007,0.00477616
1.156162e-007,0.00477616
1.158162e-007,0.00477616
1.160162e-007,-0.00162359
1.162162e-007,-0.00162359
1.164162e-007,-0.00162359
1.166162e-007,-0.00162359
1.168162e-007,0.0111759
1.170162e-007,0.0111759
1.172162e-007,0.0111759
1.174162e-007,-0.00162359
1.176162e-007,-0.00162359
1.178162e-007,-0.00802335
1.180162e-007,-0.00162359
1.182162e-007,-0.00802335
1.184162e-007,-0.00162359
1.186162e-007,-0.00802335
1.188162e-007,-0.0144231
1.190162e-007,-0.00802335
1.192162e-007,-0.00802335
1.194162e-007,-0.00802335
1.196162e-007,-0.00802335
1.198162e-007,-0.00802335
1.200162e-007,-0.00162359
1.202162e-007,-0.00162359
1.204162e-007,0.00477616
1.206162e-007,0.00477616
1.208162e-007,-0.00162359
1.210162e-007,-0.00802335
1.212162e-007,-0.00162359
1.214162e-007,-0.00162359
1.216162e-007,-0.00802335
1.218162e-007,-0.00162359
1.220162e-007,0.00477616
1.222162e-007,-0.00162359
1.224162e-007,0.00477616
1.226162e-007,0.00477616
1.228162e-007,-0.00162359
1.230162e-007,-0.00162359
1.232162e-007,0.0111759
1.234162e-007,-0.00162359
1.236162e-007,-0.00802335
1.238162e-007,0.00477616
1.240162e-007,-0.00802335
1.242162e-007,-0.00802335
1.244162e-007,0.00477616
1.246162e-007,-0.00162359
1.248162e-007,-0.00802335
1.250162e-007,-0.00162359
1.252162e-007,0.00477616
1.254162e-007,-0.00162359
1.256162e-007,0.00477616
1.258162e-007,0.00477616
1.260162e-007,0.00477616
1.262162e-007,0.00477616
1.264162e-007,-0.00802335
1.266162e-007,-0.00162359
1.268162e-007,-0.00802335
1.270162e-007,0.0111759
1.272162e-007,0.0175757
1.274162e-007,-0.0144231
1.276162e-007,-0.00162359
1.278162e-007,-0.00162359
1.280162e-007,0.00477616
1.282162e-007,0.00477616
1.284162e-007,-0.00162359
1.286162e-007,-0.00802335
1.288162e-007,0.00477616
1.290162e-007,-0.00162359
1.292162e-007,-0.00802335
1.294162e-007,-0.00802335
1.296162e-007,-0.00162359
1.298162e-007,0.00477616
1.300162e-007,0.00477616
1.302162e-007,-0.0144231
1.304162e-007,-0.00162359
1.306162e-007,-0.00162359
1.308162e-007,-0.0144231
1.310162e-007,0.00477616
1.312162e-007,-0.0144231
1.314162e-007,-0.00802335
1.316162e-007,-0.00162359
1.318162e-007,-0.00802335
1.320162e-007,-0.00162359
1.322162e-007,-0.00162359
1.324162e-007,-0.00162359
1.326162e-007,-0.00162359
1.328162e-007,0.00477616
1.330162e-007,-0.00162359
1.332162e-007,-0.00162359
1.334162e-007,-0.00162359
1.336162e-007,-0.00802335
1.338162e-007,0.00477616
1.340162e-007,0.00477616
1.342162e-007,0.00477616
1.344162e-007,-0.00802335
1.346162e-007,0.00477616
1.348162e-007,0.00477616
1.350162e-007,-0.00162359
1.352162e-007,-0.00162359
1.354162e-007,-0.00162359
1.356162e-007,0.00477616
1.358162e-007,-0.00162359
1.360162e-007,-0.0144231
1.362162e-007,-0.00162359
1.364162e-007,-0.00162359
1.366162e-007,0.0111759
1.368162e-007,-0.00162359
1.370162e-007,-0.00802335
1.372162e-007,-0.00802335
1.374162e-007,-0.00802335
1.376162e-007,-0.00802335
1.378162e-007,-0.00162359
1.380162e-007,-0.00162359
1.382162e-007,-0.00162359
1.384162e-007,-0.00802335
1.386162e-007,-0.0208229
1.388162e-007,-0.00162359
1.390162e-007,-0.00802335
1.392162e-007,-0.00162359
1.394162e-007,0.00477616
1.396162e-007,-0.00802335
1.398162e-007,0.00477616
1.400162e-007,0.0111759
1.402162e-007,0.0111759
1.404162e-007,-0.00802335
1.406162e-007,-0.00162359
1.408162e-007,-0.0144231
1.410162e-007,-0.00162359
1.412162e-007,0.00477616
1.414162e-007,0.00477616
1.416162e-007,-0.00802335
1.418162e-007,-0.00162359
1.420162e-007,-0.00162359
1.422162e-007,-0.00162359
1.424162e-007,-0.00162359
1.426162e-007,-0.00162359
1.428162e-007,-0.00802335
1.430162e-007,0.0111759
1.432162e-007,0.00477616
1.434162e-007,-0.00162359
1.436162e-007,0.0111759
1.438162e-007,-0.00802335
1.440162e-007,-0.00162359
1.442162e-007,-0.00162359
1.444162e-007,0.0111759
1.446162e-007,-0.00162359
1.448162e-007,0.00477616
1.450162e-007,-0.00162359
1.452162e-007,-0.0144231
1.454162e-007,0.0111759
1.456162e-007,-0.00162359
1.458162e-007,0.00477616
1.460162e-007,-0.00802335
1.462162e-007,-0.00162359
1.464162e-007,-0.00162359
1.466162e-007,0.00477616
1.468162e-007,-0.00162359
1.470162e-007,-0.00802335
1.472162e-007,0.00477616
1.474162e-007,-0.0144231
1.476162e-007,0.00477616
1.478162e-007,-0.00162359
1.480162e-007,-0.00802335
1.482162e-007,-0.00162359
1.484162e-007,0.00477616
1.486162e-007,-0.00162359
1.488162e-007,0.00477616
1.490162e-007,0.00477616
1.492162e-007,-0.00162359
1.494162e-007,-0.00802335
1.496162e-007,-0.00162359
1.498162e-007,-0.00162359
1.500162e-007,-0.00162359
1.502162e-007,0.00477616
1.504162e-007,-0.00162359
1.506162e-007,0.00477616
1.508162e-007,0.00477616
1.510162e-007,-0.00802335
1.512162e-007,-0.0144231
1.514162e-007,-0.00162359
1.516162e-007,-0.00802335
1.518162e-007,-0.00162359
1.520162e-007,-0.00802335
1.522162e-007,-0.0144231
1.524162e-007,-0.00162359
1.526162e-007,0.00477616
1.528162e-007,0.0111759
1.530162e-007,0.0111759
1.532162e-007,0.00477616
1.534162e-007,-0.00802335
1.536162e-007,0.00477616
1.538162e-007,0.00477616
1.540162e-007,0.0111759
1.542162e-007,0.0175757
1.544162e-007,0.0239754
1.546162e-007,0.0111759
1.548162e-007,0.0111759
1.550162e-007,0.0111759
1.552162e-007,-0.00162359
1.554162e-007,-0.00802335
1.556162e-007,0.0111759
1.558162e-007,0.0239754
1.560162e-007,0.0111759
1.562162e-007,0.0111759
1.564162e-007,-0.00802335
1.566162e-007,-0.00162359
1.568162e-007,0.00477616
1.570162e-007,-0.00802335
1.572162e-007,-0.00802335
1.574162e-007,0.00477616
1.576162e-007,-0.00162359
1.578162e-007,-0.00162359
1.580162e-007,0.00477616
1.582162e-007,0.0111759
1.584162e-007,0.00477616
1.586162e-007,0.00477616
1.588162e-007,-0.00802335
1.590162e-007,-0.00162359
1.592162e-007,0.00477616
1.594162e-007,-0.00802335
1.596162e-007,-0.00802335
1.598162e-007,-0.00162359
1.600162e-007,0.00477616
1.602162e-007,-0.00162359
1.604162e-007,-0.00162359
1.606162e-007,-0.00802335
1.608162e-007,-0.00802335
1.610162e-007,0.00477616
1.612162e-007,-0.00802335
1.614162e-007,0.00477616
1.616162e-007,-0.00162359
1.618162e-007,0.00477616
1.620162e-007,-0.00162359
1.622162e-007,-0.00162359
1.624162e-007,-0.00802335
1.626162e-007,-0.00162359
1.628162e-007,-0.00162359
1.630162e-007,-0.00162359
1.632162e-007,-0.00162359
1.634162e-007,-0.00802335
1.636162e-007,-0.00162359
1.638162e-007,-0.00162359
1.640162e-007,-0.00802335
1.642162e-007,-0.00802335
1.644162e-007,0.00477616
1.646162e-007,0.00477616
1.648162e-007,-0.00162359
1.650162e-007,-0.00162359
1.652162e-007,0.0111759
1.654162e-007,0.00477616
1.656162e-007,-0.00162359
1.658162e-007,-0.00162359
1.660162e-007,0.0111759
1.662162e-007,0.00477616
1.664162e-007,0.00477616
1.666162e-007,-0.00802335
1.668162e-007,-0.0208229
1.670162e-007,0.00477616
1.672162e-007,-0.00802335
1.674162e-007,-0.00802335
1.676162e-007,0.00477616
1.678162e-007,-0.0144231
1.680162e-007,-0.00162359
1.682162e-007,-0.00162359
1.684162e-007,-0.00802335
1.686162e-007,-0.00162359
1.688162e-007,-0.00162359
1.690162e-007,-0.00802335
1.692162e-007,-0.0144231
1.694162e-007,-0.00162359
1.696162e-007,-0.00162359
1.698162e-007,-0.00162359
1.700162e-007,-0.00162359
1.702162e-007,-0.00162359
1.704162e-007,0.00477616
1.706162e-007,-0.00162359
1.708162e-007,-0.00802335
1.710162e-007,0.0175757
1.712162e-007,0.00477616
1.714162e-007,-0.00802335
1.716162e-007,-0.00802335
1.718162e-007,-0.00802335
1.720162e-007,-0.00802335
1.722162e-007,-0.00802335
1.724162e-007,0.0111759
1.726162e-007,-0.00802335
1.728162e-007,0.0111759
1.730162e-007,0.00477616
1.732162e-007,-0.00802335
1.734162e-007,0.00477616
1.736162e-007,-0.00802335
1.738162e-007,-0.00802335
1.740162e-007,-0.00162359
1.742162e-007,0.00477616
1.744162e-007,-0.00162359
1.746162e-007,0.00477616
1.748162e-007,0.00477616
1.750162e-007,0.00477616
1.752162e-007,-0.00162359
1.754162e-007,-0.00162359
1.756162e-007,0.00477616
1.758162e-007,-0.00162359
1.760162e-007,-0.00162359
1.762162e-007,-0.00802335
1.764162e-007,-0.00802335
1.766162e-007,-0.00162359
1.768162e-007,-0.0144231
1.770162e-007,-0.00162359
1.772162e-007,0.00477616
1.774162e-007,-0.00802335
1.776162e-007,-0.00162359
1.778162e-007,0.00477616
1.780162e-007,-0.00802335
1.782162e-007,-0.0144231
1.784162e-007,-0.00162359
1.786162e-007,-0.00162359
1.788162e-007,-0.00162359
1.790162e-007,0.00477616
1.792162e-007,-0.00162359
1.794162e-007,0.0111759
1.796162e-007,-0.00162359
1.798162e-007,-0.00162359
1.800162e-007,-0.00162359
1.802162e-007,0.00477616
1.804162e-007,-0.00802335
1.806162e-007,-0.00802335
1.808162e-007,0.00477616
1.810162e-007,-0.00162359
1.812162e-007,-0.00802335
1.814162e-007,0.00477616
1.816162e-007,-0.00162359
1.818162e-007,-0.00802335
1.820162e-007,-0.0144231
1.822162e-007,-0.0144231
1.824162e-007,-0.00802335
1.826162e-007,-0.00802335
1.828162e-007,-0.00802335
1.830162e-007,-0.00802335
1.832162e-007,-0.00802335
1.834162e-007,-0.00162359
1.836162e-007,-0.00802335
1.838162e-007,-0.00802335
1.840162e-007,-0.00162359
1.842162e-007,0.00477616
1.844162e-007,0.00477616
1.846162e-007,0.00477616
1.848162e-007,-0.00802335
1.850162e-007,0.00477616
1.852162e-007,-0.00162359
1.854162e-007,0.00477616
1.856162e-007,0.00477616
1.858162e-007,0.00477616
1.860162e-007,0.00477616
1.862162e-007,0.00477616
1.864162e-007,-0.00162359
1.866162e-007,0.0111759
1.868162e-007,0.00477616
1.870162e-007,-0.00802335
1.872162e-007,-0.00802335
1.874162e-007,-0.00162359
1.876162e-007,-0.00802335
1.878162e-007,-0.00162359
1.880162e-007,0.00477616
1.882162e-007,-0.00802335
1.884162e-007,-0.00162359
1.886162e-007,-0.00162359
1.888162e-007,-0.00802335
1.890162e-007,-0.00162359
1.892162e-007,-0.00162359
1.894162e-007,-0.00162359
1.896162e-007,-0.00162359
1.898162e-007,0.00477616
1.900162e-007,-0.00162359
1.902162e-007,-0.00802335
1.904162e-007,-0.00162359
1.906162e-007,-0.00802335
1.908162e-007,-0.00802335
1.910162e-007,0.00477616
1.912162e-007,-0.0144231
1.914162e-007,0.00477616
1.916162e-007,0.0111759
1.918162e-007,0.00477616
1.920162e-007,0.00477616
1.922162e-007,0.0111759
1.924162e-007,0.00477616
1.926162e-007,0.0111759
1.928162e-007,-0.00162359
1.930162e-007,-0.00162359
1.932162e-007,0.0111759
1.934162e-007,0.0111759
1.936162e-007,-0.00162359
1.938162e-007,0.0111759
1.940162e-007,0.0111759
1.942162e-007,0.0111759
1.944162e-007,0.0111759
1.946162e-007,0.0111759
1.948162e-007,-0.00802335
1.950162e-007,0.00477616
1.952162e-007,0.00477616
1.954162e-007,-0.00162359
1.956162e-007,-0.00162359
1.958162e-007,-0.00802335
1.960162e-007,-0.0144231
1.962162e-007,-0.00162359
1.964162e-007,0.00477616
1.966162e-007,-0.00162359
1.968162e-007,0.0111759
1.970162e-007,0.0111759
1.972162e-007,0.00477616
1.974162e-007,-0.00162359
1.976162e-007,-0.00162359
1.978162e-007,0.0111759
1.980162e-007,0.00477616
1.982162e-007,-0.00162359
1.984162e-007,-0.00162359
1.986162e-007,-0.00162359
1.988162e-007,0.00477616
1.990162e-007,-0.00162359
1.992162e-007,-0.00162359
1.994162e-007,0.00477616
1.996162e-007,-0.00162359
1.998162e-007,-0.0144231
2.000162e-007,-0.00162359
2.002162e-007,-0.00162359
2.004162e-007,-0.00802335
2.006162e-007,0.00477616
2.008162e-007,-0.00802335
2.010162e-007,-0.00162359
2.012162e-007,-0.00162359
2.014162e-007,0.00477616
2.016162e-007,-0.0144231
2.018162e-007,0.00477616
2.020162e-007,0.0175757
2.022162e-007,0.0111759
2.024162e-007,0.0111759
2.026162e-007,0.0111759
2.028162e-007,-0.00162359
2.030162e-007,0.00477616
2.032162e-007,-0.00802335
2.034162e-007,-0.00162359
2.036162e-007,-0.00162359
2.038162e-007,-0.0144231
2.040162e-007,0.00477616
2.042162e-007,0.00477616
2.044162e-007,-0.00162359
2.046162e-007,-0.00162359
2.048162e-007,-0.00802335
2.050162e-007,0.00477616
2.052162e-007,0.00477616
2.054162e-007,-0.00162359
2.056162e-007,-0.00162359
2.058162e-007,-0.00802335
2.060162e-007,-0.00802335
2.062162e-007,-0.00162359
2.064162e-007,0.0175757
2.066162e-007,0.00477616
2.068162e-007,0.00477616
2.070162e-007,0.0111759
2.072162e-007,0.00477616
2.074162e-007,-0.00162359
2.076162e-007,-0.00162359
2.078162e-007,-0.00162359
2.080162e-007,-0.00162359
2.082162e-007,-0.00162359
2.084162e-007,0.00477616
2.086162e-007,-0.00162359
2.088162e-007,0.00477616
2.090162e-007,0.00477616
2.092162e-007,-0.00162359
2.094162e-007,0.00477616
2.096162e-007,0.0111759
2.098162e-007,0.00477616
2.100162e-007,-0.00802335
2.102162e-007,0.00477616
2.104162e-007,-0.00802335
2.106162e-007,-0.00162359
2.108162e-007,0.00477616
2.110162e-007,-0.00162359
2.112162e-007,-0.00802335
2.114162e-007,-0.00162359
2.116162e-007,-0.00802335
2.118162e-007,-0.00162359
2.120162e-007,0.00477616
2.122162e-007,-0.00162359
2.124162e-007,-0.00162359
2.126162e-007,0.00477616
2.128162e-007,-0.00162359
2.130162e-007,0.00477616
2.132162e-007,0.00477616
2.134162e-007,-0.00162359
2.136162e-007,0.0111759
2.138162e-007,0.00477616
2.140162e-007,-0.00162359
2.142162e-007,-0.0144231
2.144162e-007,-0.0336224
2.146162e-007,-0.0464219
2.148162e-007,-0.0592214
2.150162e-007,-0.0976199
2.152162e-007,-0.136018
2.154162e-007,-0.193616
2.156162e-007,-0.257614
2.158162e-007,-0.296012
2.160162e-007,-0.34721
2.162162e-007,-0.398408
2.164162e-007,-0.436807
2.166162e-007,-0.481605
2.168162e-007,-0.539203
2.170162e-007,-0.564802
2.172162e-007,-0.596801
2.174162e-007,-0.6288
2.176162e-007,-0.667198
2.178162e-007,-0.705597
2.180162e-007,-0.711996
2.182162e-007,-0.724796
2.184162e-007,-0.756795
2.186162e-007,-0.775994
2.188162e-007,-0.763194
2.190162e-007,-0.782394
2.192162e-007,-0.788793
2.194162e-007,-0.814392
2.196162e-007,-0.814392
2.198162e-007,-0.814392
2.200162e-007,-0.827192
2.202162e-007,-0.846391
2.204162e-007,-0.833592
2.206162e-007,-0.833592
2.208162e-007,-0.827192
2.210162e-007,-0.807993
2.212162e-007,-0.807993
2.214162e-007,-0.807993
2.216162e-007,-0.807993
2.218162e-007,-0.807993
2.220162e-007,-0.814392
2.222162e-007,-0.820792
2.224162e-007,-0.827192
2.226162e-007,-0.807993
2.228162e-007,-0.814392
2.230162e-007,-0.814392
2.232162e-007,-0.820792
2.234162e-007,-0.814392
2.236162e-007,-0.827192
2.238162e-007,-0.820792
2.240162e-007,-0.827192
2.242162e-007,-0.820792
2.244162e-007,-0.814392
2.246162e-007,-0.807993
2.248162e-007,-0.827192
2.250162e-007,-0.820792
2.252162e-007,-0.827192
2.254162e-007,-0.820792
2.256162e-007,-0.827192
2.258162e-007,-0.827192
2.260162e-007,-0.820792
2.262162e-007,-0.827192
2.264162e-007,-0.827192
2.266162e-007,-0.827192
2.268162e-007,-0.820792
2.270162e-007,-0.814392
2.272162e-007,-0.827192
2.274162e-007,-0.827192
2.276162e-007,-0.814392
2.278162e-007,-0.827192
2.280162e-007,-0.827192
2.282162e-007,-0.833592
2.284162e-007,-0.833592
2.286162e-007,-0.827192
2.288162e-007,-0.814392
2.290162e-007,-0.807993
2.292162e-007,-0.814392
2.294162e-007,-0.827192
2.296162e-007,-0.839991
2.298162e-007,-0.833592
2.300162e-007,-0.827192
2.302162e-007,-0.820792
2.304162e-007,-0.839991
2.306162e-007,-0.833592
2.308162e-007,-0.827192
2.310162e-007,-0.833592
2.312162e-007,-0.827192
2.314162e-007,-0.839991
2.316162e-007,-0.839991
2.318162e-007,-0.827192
2.320162e-007,-0.839991
2.322162e-007,-0.839991
2.324162e-007,-0.839991
2.326162e-007,-0.839991
2.328162e-007,-0.846391
2.330162e-007,-0.839991
2.332162e-007,-0.846391
2.334162e-007,-0.839991
2.336162e-007,-0.839991
2.338162e-007,-0.839991
2.340162e-007,-0.833592
2.342162e-007,-0.827192
2.344162e-007,-0.833592
2.346162e-007,-0.846391
2.348162e-007,-0.833592
2.350162e-007,-0.839991
2.352162e-007,-0.852791
2.354162e-007,-0.846391
2.356162e-007,-0.859191
2.358162e-007,-0.86559
2.360162e-007,-0.846391
2.362162e-007,-0.846391
2.364162e-007,-0.87199
2.366162e-007,-0.852791
2.368162e-007,-0.852791
2.370162e-007,-0.859191
2.372162e-007,-0.859191
2.374162e-007,-0.86559
2.376162e-007,-0.852791
2.378162e-007,-0.859191
2.380162e-007,-0.859191
2.382162e-007,-0.852791
2.384162e-007,-0.87199
2.386162e-007,-0.87839
2.388162e-007,-0.87839
2.390162e-007,-0.846391
2.392162e-007,-0.86559
2.394162e-007,-0.86559
2.396162e-007,-0.852791
2.398162e-007,-0.852791
2.400162e-007,-0.87199
2.402162e-007,-0.87199
2.404162e-007,-0.852791
2.406162e-007,-0.86559
2.408162e-007,-0.852791
2.410162e-007,-0.852791
2.412162e-007,-0.852791
2.414162e-007,-0.846391
2.416162e-007,-0.86559
2.418162e-007,-0.859191
2.420162e-007,-0.846391
2.422162e-007,-0.846391
2.424162e-007,-0.846391
2.426162e-007,-0.833592
2.428162e-007,-0.852791
2.430162e-007,-0.859191
2.432162e-007,-0.859191
2.434162e-007,-0.846391
2.436162e-007,-0.86559
2.438162e-007,-0.846391
2.440162e-007,-0.852791
2.442162e-007,-0.86559
2.444162e-007,-0.846391
2.446162e-007,-0.852791
2.448162e-007,-0.859191
2.450162e-007,-0.852791
2.452162e-007,-0.839991
2.454162e-007,-0.852791
2.456162e-007,-0.852791
2.458162e-007,-0.859191
2.460162e-007,-0.852791
2.462162e-007,-0.852791
2.464162e-007,-0.859191
2.466162e-007,-0.859191
2.468162e-007,-0.859191
2.470162e-007,-0.846391
2.472162e-007,-0.852791
2.474162e-007,-0.846391
2.476162e-007,-0.852791
2.478162e-007,-0.859191
2.480162e-007,-0.852791
2.482162e-007,-0.852791
2.484162e-007,-0.87199
2.486162e-007,-0.859191
2.488162e-007,-0.852791
2.490162e-007,-0.852791
2.492162e-007,-0.839991
2.494162e-007,-0.852791
2.496162e-007,-0.852791
2.498162e-007,-0.839991
2.500162e-007,-0.846391
2.502162e-007,-0.852791
2.504162e-007,-0.852791
2.506162e-007,-0.846391
2.508162e-007,-0.859191
2.510162e-007,-0.852791
2.512162e-007,-0.846391
2.514162e-007,-0.859191
2.516162e-007,-0.852791
2.518162e-007,-0.86559
2.520162e-007,-0.859191
2.522162e-007,-0.852791
2.524162e-007,-0.846391
2.526162e-007,-0.859191
2.528162e-007,-0.852791
2.530162e-007,-0.852791
2.532162e-007,-0.87199
2.534162e-007,-0.859191
2.536162e-007,-0.852791
2.538162e-007,-0.852791
2.540162e-007,-0.859191
2.542162e-007,-0.86559
2.544162e-007,-0.86559
2.546162e-007,-0.859191
2.548162e-007,-0.86559
2.550162e-007,-0.852791
2.552162e-007,-0.859191
2.554162e-007,-0.86559
2.556162e-007,-0.859191
2.558162e-007,-0.852791
2.560162e-007,-0.852791
2.562162e-007,-0.859191
2.564162e-007,-0.852791
2.566162e-007,-0.86559
2.568162e-007,-0.87839
2.570162e-007,-0.87839
2.572162e-007,-0.852791
2.574162e-007,-0.859191
2.576162e-007,-0.859191
2.578162e-007,-0.859191
2.580162e-007,-0.86559
2.582162e-007,-0.846391
2.584162e-007,-0.846391
2.586162e-007,-0.846391
2.588162e-007,-0.846391
2.590162e-007,-0.86559
2.592162e-007,-0.852791
2.594162e-007,-0.846391
2.596162e-007,-0.86559
2.598162e-007,-0.86559
2.600162e-007,-0.859191
2.602162e-007,-0.846391
2.604162e-007,-0.859191
2.606162e-007,-0.852791
2.608162e-007,-0.859191
2.610162e-007,-0.86559
2.612162e-007,-0.86559
2.614162e-007,-0.87199
2.616162e-007,-0.859191
2.618162e-007,-0.852791
2.620162e-007,-0.86559
2.622162e-007,-0.86559
2.624162e-007,-0.87199
2.626162e-007,-0.87199
2.628162e-007,-0.86559
2.630162e-007,-0.86559
2.632162e-007,-0.852791
2.634162e-007,-0.86559
2.636162e-007,-0.87839
2.638162e-007,-0.86559
2.640162e-007,-0.86559
2.642162e-007,-0.859191
2.644162e-007,-0.859191
2.646162e-007,-0.859191
2.648162e-007,-0.859191
2.650162e-007,-0.852791
2.652162e-007,-0.859191
2.654162e-007,-0.859191
2.656162e-007,-0.859191
2.658162e-007,-0.859191
2.660162e-007,-0.87199
2.662162e-007,-0.87199
2.664162e-007,-0.859191
2.666162e-007,-0.86559
2.668162e-007,-0.87199
2.670162e-007,-0.859191
2.672162e-007,-0.859191
2.674162e-007,-0.852791
2.676162e-007,-0.88479
2.678162e-007,-0.87199
2.680162e-007,-0.86559
2.682162e-007,-0.859191
2.684162e-007,-0.859191
2.686162e-007,-0.87839
2.688162e-007,-0.87199
2.690162e-007,-0.859191
2.692162e-007,-0.87199
2.694162e-007,-0.86559
2.696162e-007,-0.87199
2.698162e-007,-0.86559
2.700162e-007,-0.88479
2.702162e-007,-0.88479
2.704162e-007,-0.87839
2.706162e-007,-0.87839
2.708162e-007,-0.87199
2.710162e-007,-0.87199
2.712162e-007,-0.859191
2.714162e-007,-0.859191
2.716162e-007,-0.86559
2.718162e-007,-0.86559
2.720162e-007,-0.859191
2.722162e-007,-0.86559
2.724162e-007,-0.87199
2.726162e-007,-0.87839
2.728162e-007,-0.86559
2.730162e-007,-0.86559
2.732162e-007,-0.86559
2.734162e-007,-0.87199
2.736162e-007,-0.86559
2.738162e-007,-0.86559
2.740162e-007,-0.86559
2.742162e-007,-0.87839
2.744162e-007,-0.87199
2.746162e-007,-0.859191
2.748162e-007,-0.87839
2.750162e-007,-0.87199
2.752162e-007,-0.87199
2.754162e-007,-0.87199
2.756162e-007,-0.87839
2.758162e-007,-0.87839
2.760162e-007,-0.86559
2.762162e-007,-0.88479
2.764162e-007,-0.87839
2.766162e-007,-0.86559
2.768162e-007,-0.87839
2.770162e-007,-0.87199
2.772162e-007,-0.88479
2.774162e-007,-0.87839
2.776162e-007,-0.87199
2.778162e-007,-0.87839
2.780162e-007,-0.852791
2.782162e-007,-0.87199
2.784162e-007,-0.86559
2.786162e-007,-0.859191
2.788162e-007,-0.87199
2.790162e-007,-0.87839
2.792162e-007,-0.87199
2.794162e-007,-0.852791
2.796162e-007,-0.86559
2.798162e-007,-0.859191
2.800162e-007,-0.859191
2.802162e-007,-0.859191
2.804162e-007,-0.852791
2.806162e-007,-0.87199
2.808162e-007,-0.87199
2.810162e-007,-0.859191
2.812162e-007,-0.87839
2.814162e-007,-0.87839
2.816162e-007,-0.87199
2.818162e-007,-0.88479
2.820162e-007,-0.88479
2.822162e-007,-0.87839
2.824162e-007,-0.87839
2.826162e-007,-0.87199
2.828162e-007,-0.87839
2.830162e-007,-0.88479
2.832162e-007,-0.87839
2.834162e-007,-0.88479
2.836162e-007,-0.87839
2.838162e-007,-0.86559
2.840162e-007,-0.88479
2.842162e-007,-0.87839
2.844162e-007,-0.87199
2.846162e-007,-0.86559
2.848162e-007,-0.86559
2.850162e-007,-0.859191
2.852162e-007,-0.86559
2.854162e-007,-0.87839
2.856162e-007,-0.86559
2.858162e-007,-0.86559
2.860162e-007,-0.87199
2.862162e-007,-0.87839
2.864162e-007,-0.86559
2.866162e-007,-0.87839
2.868162e-007,-0.86559
2.870162e-007,-0.86559
2.872162e-007,-0.87199
2.874162e-007,-0.86559
2.876162e-007,-0.87199
2.878162e-007,-0.86559
2.880162e-007,-0.86559
2.882162e-007,-0.87839
2.884162e-007,-0.87199
2.886162e-007,-0.87199
2.888162e-007,-0.87839
2.890162e-007,-0.87199
2.892162e-007,-0.87199
2.894162e-007,-0.87839
2.896162e-007,-0.88479
2.898162e-007,-0.87839
2.900162e-007,-0.88479
2.902162e-007,-0.87199
2.904162e-007,-0.87839
2.906162e-007,-0.87199
2.908162e-007,-0.88479
2.910162e-007,-0.87839
2.912162e-007,-0.86559
2.914162e-007,-0.88479
2.916162e-007,-0.891189
2.918162e-007,-0.87839
2.920162e-007,-0.87839
2.922162e-007,-0.87199
2.924162e-007,-0.87839
2.926162e-007,-0.87199
2.928162e-007,-0.86559
2.930162e-007,-0.87199
2.932162e-007,-0.87199
2.934162e-007,-0.88479
2.936162e-007,-0.87199
2.938162e-007,-0.87199
2.940162e-007,-0.88479
2.942162e-007,-0.87839
2.944162e-007,-0.87839
2.946162e-007,-0.87839
2.948162e-007,-0.87199
2.950162e-007,-0.87199
2.952162e-007,-0.87199
2.954162e-007,-0.88479
2.956162e-007,-0.87199
2.958162e-007,-0.891189
2.960162e-007,-0.87839
2.962162e-007,-0.87839
2.964162e-007,-0.88479
2.966162e-007,-0.87839
2.968162e-007,-0.87199
2.970162e-007,-0.87199
2.972162e-007,-0.88479
2.974162e-007,-0.88479
2.976162e-007,-0.897589
2.978162e-007,-0.87839
2.980162e-007,-0.87839
2.982162e-007,-0.87839
2.984162e-007,-0.87199
2.986162e-007,-0.87839
2.988162e-007,-0.88479
2.990162e-007,-0.88479
2.992162e-007,-0.88479
2.994162e-007,-0.87839
2.996162e-007,-0.87199
2.998162e-007,-0.87199
3.000162e-007,-0.86559
3.002162e-007,-0.86559
3.004162e-007,-0.87839
3.006162e-007,-0.87199
3.008162e-007,-0.891189
3.010162e-007,-0.88479
3.012162e-007,-0.87199
3.014162e-007,-0.87839
3.016162e-007,-0.87839
3.018162e-007,-0.87839
3.020162e-007,-0.891189
3.022162e-007,-0.891189
3.024162e-007,-0.87199
3.026162e-007,-0.87839
3.028162e-007,-0.86559
3.030162e-007,-0.86559
3.032162e-007,-0.87199
3.034162e-007,-0.87199
3.036162e-007,-0.87839
3.038162e-007,-0.87839
3.040162e-007,-0.88479
3.042162e-007,-0.87839
3.044162e-007,-0.87839
3.046162e-007,-0.88479
3.048162e-007,-0.88479
3.050162e-007,-0.87839
3.052162e-007,-0.87839
3.054162e-007,-0.87839
3.056162e-007,-0.891189
3.058162e-007,-0.88479
3.060162e-007,-0.88479
3.062162e-007,-0.87839
3.064162e-007,-0.87839
3.066162e-007,-0.87199
3.068162e-007,-0.88479
3.070162e-007,-0.87839
3.072162e-007,-0.87839
3.074162e-007,-0.88479
3.076162e-007,-0.87839
3.078162e-007,-0.88479
3.080162e-007,-0.86559
3.082162e-007,-0.87199
3.084162e-007,-0.88479
3.086162e-007,-0.891189
3.088162e-007,-0.88479
3.090162e-007,-0.87839
3.092162e-007,-0.88479
3.094162e-007,-0.88479
3.096162e-007,-0.87839
3.098162e-007,-0.86559
3.100162e-007,-0.87199
3.102162e-007,-0.87199
3.104162e-007,-0.87839
3.106162e-007,-0.87199
3.108162e-007,-0.87839
3.110162e-007,-0.88479
3.112162e-007,-0.87199
3.114162e-007,-0.88479
3.116162e-007,-0.87839
3.118162e-007,-0.88479
3.120162e-007,-0.88479
3.122162e-007,-0.87839
3.124162e-007,-0.88479
3.126162e-007,-0.87839
3.128162e-007,-0.87839
3.130162e-007,-0.87839
3.132162e-007,-0.88479
3.134162e-007,-0.87839
3.136162e-007,-0.87199
3.138162e-007,-0.87839
3.140162e-007,-0.87839
3.142162e-007,-0.88479
3.144162e-007,-0.88479
3.146162e-007,-0.891189
3.148162e-007,-0.88479
3.150162e-007,-0.88479
3.152162e-007,-0.87839
3.154162e-007,-0.891189
3.156162e-007,-0.891189
3.158162e-007,-0.87839
3.160162e-007,-0.88479
3.162162e-007,-0.87199
3.164162e-007,-0.87839
3.166162e-007,-0.87839
3.168162e-007,-0.86559
3.170162e-007,-0.88479
3.172162e-007,-0.88479
3.174162e-007,-0.87199
3.176162e-007,-0.87839
3.178162e-007,-0.87839
3.180162e-007,-0.87199
3.182162e-007,-0.88479
3.184162e-007,-0.87199
3.186162e-007,-0.87199
3.188162e-007,-0.88479
3.190162e-007,-0.87839
3.192162e-007,-0.87839
3.194162e-007,-0.87199
3.196162e-007,-0.87199
3.198162e-007,-0.87839
3.200162e-007,-0.87199
3.202162e-007,-0.87199
3.204162e-007,-0.87839
3.206162e-007,-0.87199
3.208162e-007,-0.87839
3.210162e-007,-0.87199
3.212162e-007,-0.86559
3.214162e-007,-0.87839
3.216162e-007,-0.88479
3.218162e-007,-0.88479
3.220162e-007,-0.87839
3.222162e-007,-0.87839
3.224162e-007,-0.87839
3.226162e-007,-0.87839
3.228162e-007,-0.87839
3.230162e-007,-0.87839
3.232162e-007,-0.88479
3.234162e-007,-0.88479
3.236162e-007,-0.88479
3.238162e-007,-0.87199
3.240162e-007,-0.86559
3.242162e-007,-0.859191
3.244162e-007,-0.87839
3.246162e-007,-0.87199
3.248162e-007,-0.87199
3.250162e-007,-0.87199
3.252162e-007,-0.87199
3.254162e-007,-0.88479
3.256162e-007,-0.87199
3.258162e-007,-0.88479
3.260162e-007,-0.891189
3.262162e-007,-0.87839
3.264162e-007,-0.891189
3.266162e-007,-0.88479
3.268162e-007,-0.87199
3.270162e-007,-0.86559
3.272162e-007,-0.87839
3.274162e-007,-0.88479
3.276162e-007,-0.88479
3.278162e-007,-0.891189
3.280162e-007,-0.87839
3.282162e-007,-0.88479
3.284162e-007,-0.87199
3.286162e-007,-0.87839
3.288162e-007,-0.859191
3.290162e-007,-0.88479
3.292162e-007,-0.87839
3.294162e-007,-0.88479
3.296162e-007,-0.87839
3.298162e-007,-0.88479
3.300162e-007,-0.897589
3.302162e-007,-0.87839
3.304162e-007,-0.88479
3.306162e-007,-0.87839
3.308162e-007,-0.87839
3.310162e-007,-0.88479
3.312162e-007,-0.87839
3.314162e-007,-0.87199
3.316162e-007,-0.891189
3.318162e-007,-0.87839
3.320162e-007,-0.87839
3.322162e-007,-0.87839
3.324162e-007,-0.88479
3.326162e-007,-0.87839
3.328162e-007,-0.891189
3.330162e-007,-0.87199
3.332162e-007,-0.87199
3.334162e-007,-0.86559
3.336162e-007,-0.87839
3.338162e-007,-0.87199
3.340162e-007,-0.87839
3.342162e-007,-0.87199
3.344162e-007,-0.87839
3.346162e-007,-0.87839
3.348162e-007,-0.87839
3.350162e-007,-0.87839
3.352162e-007,-0.87199
3.354162e-007,-0.891189
3.356162e-007,-0.87839
3.358162e-007,-0.87199
3.360162e-007,-0.891189
3.362162e-007,-0.88479
3.364162e-007,-0.88479
3.366162e-007,-0.87199
3.368162e-007,-0.891189
3.370162e-007,-0.891189
3.372162e-007,-0.88479
3.374162e-007,-0.88479
3.376162e-007,-0.891189
3.378162e-007,-0.87839
3.380162e-007,-0.87199
3.382162e-007,-0.87839
3.384162e-007,-0.88479
3.386162e-007,-0.88479
3.388162e-007,-0.88479
3.390162e-007,-0.891189
3.392162e-007,-0.891189
3.394162e-007,-0.87839
3.396162e-007,-0.88479
3.398162e-007,-0.87199
3.400162e-007,-0.87839
3.402162e-007,-0.87839
3.404162e-007,-0.87199
3.406162e-007,-0.86559
3.408162e-007,-0.87839
3.410162e-007,-0.86559
3.412162e-007,-0.87199
3.414162e-007,-0.87839
3.416162e-007,-0.87199
3.418162e-007,-0.87839
3.420162e-007,-0.86559
3.422162e-007,-0.86559
3.424162e-007,-0.88479
3.426162e-007,-0.88479
3.428162e-007,-0.87839
3.430162e-007,-0.87839
3.432162e-007,-0.87839
3.434162e-007,-0.897589
3.436162e-007,-0.903989
3.438162e-007,-0.87839
3.440162e-007,-0.88479
3.442162e-007,-0.891189
3.444162e-007,-0.88479
3.446162e-007,-0.88479
3.448162e-007,-0.87839
3.450162e-007,-0.88479
3.452162e-007,-0.88479
3.454162e-007,-0.891189
3.456162e-007,-0.897589
3.458162e-007,-0.891189
3.460162e-007,-0.891189
3.462162e-007,-0.88479
3.464162e-007,-0.88479
3.466162e-007,-0.891189
3.468162e-007,-0.903989
3.470162e-007,-0.891189
3.472162e-007,-0.87839
3.474162e-007,-0.897589
3.476162e-007,-0.897589
3.478162e-007,-0.87199
3.480162e-007,-0.87839
3.482162e-007,-0.87839
3.484162e-007,-0.87839
3.486162e-007,-0.87199
3.488162e-007,-0.87199
3.490162e-007,-0.87839
3.492162e-007,-0.891189
3.494162e-007,-0.88479
3.496162e-007,-0.87839
3.498162e-007,-0.891189
3.500162e-007,-0.87199
3.502162e-007,-0.87839
3.504162e-007,-0.891189
3.506162e-007,-0.891189
3.508162e-007,-0.86559
3.510162e-007,-0.87839
3.512162e-007,-0.88479
3.514162e-007,-0.897589
3.516162e-007,-0.88479
3.518162e-007,-0.891189
3.520162e-007,-0.87839
3.522162e-007,-0.87839
3.524162e-007,-0.897589
3.526162e-007,-0.88479
3.528162e-007,-0.87839
3.530162e-007,-0.87839
3.532162e-007,-0.87199
3.534162e-007,-0.87839
3.536162e-007,-0.897589
3.538162e-007,-0.88479
3.540162e-007,-0.87839
3.542162e-007,-0.87839
3.544162e-007,-0.88479
3.546162e-007,-0.891189
3.548162e-007,-0.859191
3.550162e-007,-0.87839
3.552162e-007,-0.88479
3.554162e-007,-0.87839
3.556162e-007,-0.87839
3.558162e-007,-0.87199
3.560162e-007,-0.86559
3.562162e-007,-0.87199
3.564162e-007,-0.88479
3.566162e-007,-0.87839
3.568162e-007,-0.88479
3.570162e-007,-0.88479
3.572162e-007,-0.88479
3.574162e-007,-0.87199
3.576162e-007,-0.87839
3.578162e-007,-0.87839
3.580162e-007,-0.88479
3.582162e-007,-0.87839
3.584162e-007,-0.891189
3.586162e-007,-0.87839
3.588162e-007,-0.897589
3.590162e-007,-0.87839
3.592162e-007,-0.891189
3.594162e-007,-0.88479
3.596162e-007,-0.87839
3.598162e-007,-0.87199
3.600162e-007,-0.88479
3.602162e-007,-0.87199
3.604162e-007,-0.87839
3.606162e-007,-0.87839
3.608162e-007,-0.87839
3.610162e-007,-0.891189
3.612162e-007,-0.87839
3.614162e-007,-0.87839
3.616162e-007,-0.891189
3.618162e-007,-0.891189
3.620162e-007,-0.87839
3.622162e-007,-0.897589
3.624162e-007,-0.88479
3.626162e-007,-0.88479
3.628162e-007,-0.87839
3.630162e-007,-0.87839
3.632162e-007,-0.891189
3.634162e-007,-0.86559
3.636162e-007,-0.87839
3.638162e-007,-0.88479
3.640162e-007,-0.88479
3.642162e-007,-0.88479
3.644162e-007,-0.87839
3.646162e-007,-0.88479
3.648162e-007,-0.88479
3.650162e-007,-0.88479
3.652162e-007,-0.88479
3.654162e-007,-0.88479
3.656162e-007,-0.88479
3.658162e-007,-0.88479
3.660162e-007,-0.87839
3.662162e-007,-0.87839
3.664162e-007,-0.87839
3.666162e-007,-0.87839
3.668162e-007,-0.88479
3.670162e-007,-0.88479
3.672162e-007,-0.891189
3.674162e-007,-0.891189
3.676162e-007,-0.891189
3.678162e-007,-0.87839
3.680162e-007,-0.87839
3.682162e-007,-0.87839
3.684162e-007,-0.88479
3.686162e-007,-0.891189
3.688162e-007,-0.88479
3.690162e-007,-0.88479
3.692162e-007,-0.88479
3.694162e-007,-0.87839
3.696162e-007,-0.87839
3.698162e-007,-0.88479
3.700162e-007,-0.87839
3.702162e-007,-0.86559
3.704162e-007,-0.87839
3.706162e-007,-0.88479
3.708162e-007,-0.891189
3.710162e-007,-0.88479
3.712162e-007,-0.88479
3.714162e-007,-0.897589
3.716162e-007,-0.88479
3.718162e-007,-0.87839
3.720162e-007,-0.87839
3.722162e-007,-0.88479
3.724162e-007,-0.87839
3.726162e-007,-0.87839
3.728162e-007,-0.88479
3.730162e-007,-0.86559
3.732162e-007,-0.88479
3.734162e-007,-0.891189
3.736162e-007,-0.88479
3.738162e-007,-0.87839
3.740162e-007,-0.88479
3.742162e-007,-0.87839
3.744162e-007,-0.87839
3.746162e-007,-0.87839
3.748162e-007,-0.88479
3.750162e-007,-0.87839
3.752162e-007,-0.87839
3.754162e-007,-0.88479
3.756162e-007,-0.891189
3.758162e-007,-0.891189
3.760162e-007,-0.88479
3.762162e-007,-0.88479
3.764162e-007,-0.88479
3.766162e-007,-0.891189
3.768162e-007,-0.87199
3.770162e-007,-0.88479
3.772162e-007,-0.87839
3.774162e-007,-0.88479
3.776162e-007,-0.88479
3.778162e-007,-0.897589
3.780162e-007,-0.897589
3.782162e-007,-0.88479
3.784162e-007,-0.87839
3.786162e-007,-0.87199
3.788162e-007,-0.87839
3.790162e-007,-0.87839
3.792162e-007,-0.88479
3.794162e-007,-0.88479
3.796162e-007,-0.88479
3.798162e-007,-0.891189
3.800162e-007,-0.87839
3.802162e-007,-0.88479
3.804162e-007,-0.88479
3.806162e-007,-0.891189
3.808162e-007,-0.88479
3.810162e-007,-0.88479
3.812162e-007,-0.891189
3.814162e-007,-0.891189
3.816162e-007,-0.891189
3.818162e-007,-0.87839
3.820162e-007,-0.88479
3.822162e-007,-0.88479
3.824162e-007,-0.88479
3.826162e-007,-0.88479
3.828162e-007,-0.88479
3.830162e-007,-0.87839
3.832162e-007,-0.88479
3.834162e-007,-0.88479
3.836162e-007,-0.87839
3.838162e-007,-0.87199
3.840162e-007,-0.87839
3.842162e-007,-0.88479
3.844162e-007,-0.87839
3.846162e-007,-0.87839
3.848162e-007,-0.87839
3.850162e-007,-0.891189
3.852162e-007,-0.891189
3.854162e-007,-0.87839
3.856162e-007,-0.87199
3.858162e-007,-0.87199
3.860162e-007,-0.87839
3.862162e-007,-0.87199
3.864162e-007,-0.88479
3.866162e-007,-0.87839
3.868162e-007,-0.88479
3.870162e-007,-0.897589
3.872162e-007,-0.87839
3.874162e-007,-0.87199
3.876162e-007,-0.891189
3.878162e-007,-0.88479
3.880162e-007,-0.891189
3.882162e-007,-0.88479
3.884162e-007,-0.87839
3.886162e-007,-0.87199
3.888162e-007,-0.88479
3.890162e-007,-0.87839
3.892162e-007,-0.87199
3.894162e-007,-0.88479
3.896162e-007,-0.897589
3.898162e-007,-0.891189
3.900162e-007,-0.897589
3.902162e-007,-0.88479
3.904162e-007,-0.87199
3.906162e-007,-0.88479
3.908162e-007,-0.897589
3.910162e-007,-0.87839
3.912162e-007,-0.87839
3.914162e-007,-0.87839
3.916162e-007,-0.88479
3.918162e-007,-0.88479
3.920162e-007,-0.87839
3.922162e-007,-0.88479
3.924162e-007,-0.88479
3.926162e-007,-0.87839
3.928162e-007,-0.891189
3.930162e-007,-0.87839
3.932162e-007,-0.87839
3.934162e-007,-0.87839
3.936162e-007,-0.87839
3.938162e-007,-0.87839
3.940162e-007,-0.86559
3.942162e-007,-0.87199
3.944162e-007,-0.87839
3.946162e-007,-0.88479
3.948162e-007,-0.891189
3.950162e-007,-0.87839
3.952162e-007,-0.87839
3.954162e-007,-0.903989
3.956162e-007,-0.897589
3.958162e-007,-0.88479
3.960162e-007,-0.88479
3.962162e-007,-0.88479
3.964162e-007,-0.87839
3.966162e-007,-0.87839
3.968162e-007,-0.88479
3.970162e-007,-0.88479
3.972162e-007,-0.88479
3.974162e-007,-0.88479
3.976162e-007,-0.891189
3.978162e-007,-0.897589
3.980162e-007,-0.87199
3.982162e-007,-0.88479
3.984162e-007,-0.88479
3.986162e-007,-0.87839
3.988162e-007,-0.88479
3.990162e-007,-0.87839
3.992162e-007,-0.88479
3.994162e-007,-0.891189
3.996162e-007,-0.891189
3.998162e-007,-0.903989
4.000162e-007,-0.897589
4.002162e-007,-0.891189
4.004162e-007,-0.88479
4.006162e-007,-0.88479
4.008162e-007,-0.88479
4.010162e-007,-0.891189
4.012162e-007,-0.88479
4.014162e-007,-0.88479
4.016162e-007,-0.88479
4.018162e-007,-0.87839
4.020162e-007,-0.891189
4.022162e-007,-0.891189
4.024162e-007,-0.903989
4.026162e-007,-0.891189
4.028162e-007,-0.897589
4.030162e-007,-0.897589
4.032162e-007,-0.88479
4.034162e-007,-0.86559
4.036162e-007,-0.87839
4.038162e-007,-0.87199
4.040162e-007,-0.87199
4.042162e-007,-0.891189
4.044162e-007,-0.87839
4.046162e-007,-0.87839
4.048162e-007,-0.86559
4.050162e-007,-0.87199
4.052162e-007,-0.87839
4.054162e-007,-0.88479
4.056162e-007,-0.87199
4.058162e-007,-0.88479
4.060162e-007,-0.88479
4.062162e-007,-0.891189
4.064162e-007,-0.88479
4.066162e-007,-0.88479
4.068162e-007,-0.86559
4.070162e-007,-0.88479
4.072162e-007,-0.891189
4.074162e-007,-0.891189
4.076162e-007,-0.88479
4.078162e-007,-0.88479
4.080162e-007,-0.88479
4.082162e-007,-0.891189
4.084162e-007,-0.88479
4.086162e-007,-0.88479
4.088162e-007,-0.891189
4.090162e-007,-0.88479
4.092162e-007,-0.891189
4.094162e-007,-0.897589
4.096162e-007,-0.88479
4.098162e-007,-0.87839
4.100162e-007,-0.891189
4.102162e-007,-0.87839
4.104162e-007,-0.87839
4.106162e-007,-0.88479
4.108162e-007,-0.87839
4.110162e-007,-0.87199
4.112162e-007,-0.88479
4.114162e-007,-0.891189
4.116162e-007,-0.891189
4.118162e-007,-0.88479
4.120162e-007,-0.87839
4.122162e-007,-0.88479
4.124162e-007,-0.87199
4.126162e-007,-0.87839
4.128162e-007,-0.891189
4.130162e-007,-0.87199
4.132162e-007,-0.88479
4.134162e-007,-0.87839
4.136162e-007,-0.88479
4.138162e-007,-0.891189
4.140162e-007,-0.88479
4.142162e-007,-0.891189
4.144162e-007,-0.88479
4.146162e-007,-0.891189
4.148162e-007,-0.87839
4.150162e-007,-0.87199
4.152162e-007,-0.891189
4.154162e-007,-0.88479
4.156162e-007,-0.88479
4.158162e-007,-0.88479
4.160162e-007,-0.88479
4.162162e-007,-0.87839
4.164162e-007,-0.897589
4.166162e-007,-0.88479
4.168162e-007,-0.891189
4.170162e-007,-0.891189
4.172162e-007,-0.891189
4.174162e-007,-0.88479
4.176162e-007,-0.88479
4.178162e-007,-0.87839
4.180162e-007,-0.87839
4.182162e-007,-0.891189
4.184162e-007,-0.891189
4.186162e-007,-0.891189
4.188162e-007,-0.88479
4.190162e-007,-0.88479
4.192162e-007,-0.88479
4.194162e-007,-0.88479
4.196162e-007,-0.87199
4.198162e-007,-0.87839
4.200162e-007,-0.87199
4.202162e-007,-0.87839
4.204162e-007,-0.88479
4.206162e-007,-0.897589
4.208162e-007,-0.88479
4.210162e-007,-0.88479
4.212162e-007,-0.88479
4.214162e-007,-0.88479
4.216162e-007,-0.88479
4.218162e-007,-0.88479
4.220162e-007,-0.891189
4.222162e-007,-0.88479
4.224162e-007,-0.87199
4.226162e-007,-0.891189
4.228162e-007,-0.87839
4.230162e-007,-0.87839
4.232162e-007,-0.87839
4.234162e-007,-0.87839
4.236162e-007,-0.891189
4.238162e-007,-0.87199
4.240162e-007,-0.87199
4.242162e-007,-0.87199
4.244162e-007,-0.87839
4.246162e-007,-0.87839
4.248162e-007,-0.86559
4.250162e-007,-0.846391
4.252162e-007,-0.859191
4.254162e-007,-0.846391
4.256162e-007,-0.846391
4.258162e-007,-0.814392
4.260162e-007,-0.801593
4.262162e-007,-0.769594
4.264162e-007,-0.750395
4.266162e-007,-0.724796
4.268162e-007,-0.705597
4.270162e-007,-0.686397
4.272162e-007,-0.667198
4.274162e-007,-0.635199
4.276162e-007,-0.6096
4.278162e-007,-0.6032
4.280162e-007,-0.577601
4.282162e-007,-0.532803
4.284162e-007,-0.500804
4.286162e-007,-0.500804
4.288162e-007,-0.456006
4.290162e-007,-0.436807
4.292162e-007,-0.404808
4.294162e-007,-0.35361
4.296162e-007,-0.321611
4.298162e-007,-0.289613
4.300162e-007,-0.270413
4.302162e-007,-0.238414
4.304162e-007,-0.200016
4.306162e-007,-0.174417
4.308162e-007,-0.148818
4.310162e-007,-0.110419
4.312162e-007,-0.0912202
4.314162e-007,-0.0720209
4.316162e-007,-0.0656211
4.318162e-007,-0.0336224
4.320162e-007,-0.0272226
4.322162e-007,-0.0208229
4.324162e-007,-0.0336224
4.326162e-007,-0.00802335
4.328162e-007,-0.0208229
4.330162e-007,-0.0272226
4.332162e-007,-0.0208229
4.334162e-007,-0.0272226
4.336162e-007,-0.0336224
4.338162e-007,-0.0336224
4.340162e-007,-0.0464219
4.342162e-007,-0.0400221
4.344162e-007,-0.0336224
4.346162e-007,-0.0400221
4.348162e-007,-0.0464219
4.350162e-007,-0.0336224
4.352162e-007,-0.0400221
4.354162e-007,-0.0528216
4.356162e-007,-0.0464219
4.358162e-007,-0.0528216
4.360162e-007,-0.0656211
4.362162e-007,-0.0464219
4.364162e-007,-0.0464219
4.366162e-007,-0.0528216
4.368162e-007,-0.0464219
4.370162e-007,-0.0464219
4.372162e-007,-0.0464219
4.374162e-007,-0.0400221
4.376162e-007,-0.0336224
4.378162e-007,-0.0336224
4.380162e-007,-0.0336224
4.382162e-007,-0.0400221
4.384162e-007,-0.0336224
4.386162e-007,-0.0336224
4.388162e-007,-0.0400221
4.390162e-007,-0.0464219
4.392162e-007,-0.0336224
4.394162e-007,-0.0208229
4.396162e-007,-0.0400221
4.398162e-007,-0.0464219
4.400162e-007,-0.0336224
4.402162e-007,-0.0272226
4.404162e-007,-0.0336224
4.406162e-007,-0.0464219
4.408162e-007,-0.0464219
4.410162e-007,-0.0400221
4.412162e-007,-0.0400221
4.414162e-007,-0.0464219
4.416162e-007,-0.0464219
4.418162e-007,-0.0400221
4.420162e-007,-0.0400221
4.422162e-007,-0.0336224
4.424162e-007,-0.0528216
4.426162e-007,-0.0464219
4.428162e-007,-0.0528216
4.430162e-007,-0.0400221
4.432162e-007,-0.0528216
4.434162e-007,-0.0464219
4.436162e-007,-0.0336224
4.438162e-007,-0.0464219
4.440162e-007,-0.0336224
4.442162e-007,-0.0400221
4.444162e-007,-0.0400221
4.446162e-007,-0.0336224
4.448162e-007,-0.0336224
4.450162e-007,-0.0208229
4.452162e-007,-0.0272226
4.454162e-007,-0.0272226
4.456162e-007,-0.0336224
4.458162e-007,-0.0272226
4.460162e-007,-0.0208229
4.462162e-007,-0.0272226
4.464162e-007,-0.0208229
4.466162e-007,-0.0144231
4.468162e-007,-0.0272226
4.470162e-007,-0.0272226
4.472162e-007,-0.0336224
4.474162e-007,-0.0336224
4.476162e-007,-0.0208229
4.478162e-007,-0.0272226
4.480162e-007,-0.0272226
4.482162e-007,-0.0272226
4.484162e-007,-0.0208229
4.486162e-007,-0.0336224
4.488162e-007,-0.0272226
4.490162e-007,-0.0272226
4.492162e-007,-0.0336224
4.494162e-007,-0.0272226
4.496162e-007,-0.0208229
4.498162e-007,-0.0400221
4.500162e-007,-0.0272226
4.502162e-007,-0.0208229
4.504162e-007,-0.0208229
4.506162e-007,-0.0272226
4.508162e-007,-0.0272226
4.510162e-007,-0.0208229
