LECROYWR104Xi,20088,Waveform
Segments,1,SegmentSize,2502
Segment,TrigTime,TimeSinceSegment1
#1,26-Sep-2016 03:41:35,0                 
Time,Ampl
-4.91838e-008,0.0199803
-4.89838e-008,0.0199803
-4.87838e-008,0.0135806
-4.85838e-008,0.0199803
-4.83838e-008,0.0199803
-4.81838e-008,0.0135806
-4.79838e-008,0.0135806
-4.77838e-008,0.00718083
-4.75838e-008,0.0327798
-4.73838e-008,0.0199803
-4.71838e-008,0.0263801
-4.69838e-008,0.0263801
-4.67838e-008,0.0135806
-4.65838e-008,0.0263801
-4.63838e-008,0.0199803
-4.61838e-008,0.0263801
-4.59838e-008,0.0135806
-4.57838e-008,0.0263801
-4.55838e-008,0.0199803
-4.53838e-008,0.0135806
-4.51838e-008,0.000781077
-4.49838e-008,0.00718083
-4.47838e-008,0.0135806
-4.45838e-008,0.00718083
-4.43838e-008,0.0327798
-4.41838e-008,0.00718083
-4.39838e-008,0.000781077
-4.37838e-008,0.0135806
-4.35838e-008,0.0263801
-4.33838e-008,0.0135806
-4.31838e-008,0.0199803
-4.29838e-008,0.0135806
-4.27838e-008,0.000781077
-4.25838e-008,0.0135806
-4.23838e-008,0.00718083
-4.21838e-008,0.0263801
-4.19838e-008,0.0263801
-4.17838e-008,0.0199803
-4.15838e-008,0.0135806
-4.13838e-008,0.0327798
-4.11838e-008,0.00718083
-4.09838e-008,0.0135806
-4.07838e-008,0.0199803
-4.05838e-008,0.0135806
-4.03838e-008,0.0199803
-4.01838e-008,0.00718083
-3.99838e-008,0.0199803
-3.97838e-008,0.0263801
-3.95838e-008,0.0199803
-3.93838e-008,0.0135806
-3.91838e-008,0.00718083
-3.89838e-008,0.0135806
-3.87838e-008,0.0199803
-3.85838e-008,0.0135806
-3.83838e-008,0.0135806
-3.81838e-008,0.00718083
-3.79838e-008,-0.0120184
-3.77838e-008,-0.00561868
-3.75838e-008,0.000781077
-3.73838e-008,-0.00561868
-3.71838e-008,-0.0120184
-3.69838e-008,-0.0184182
-3.67838e-008,-0.0184182
-3.65838e-008,-0.0120184
-3.63838e-008,-0.0248179
-3.61838e-008,-0.0184182
-3.59838e-008,-0.0440172
-3.57838e-008,-0.0440172
-3.55838e-008,-0.0632165
-3.53838e-008,-0.0568167
-3.51838e-008,-0.0696162
-3.49838e-008,-0.0824157
-3.47838e-008,-0.076016
-3.45838e-008,-0.0696162
-3.43838e-008,-0.0888155
-3.41838e-008,-0.101615
-3.39838e-008,-0.108015
-3.37838e-008,-0.114414
-3.35838e-008,-0.114414
-3.33838e-008,-0.114414
-3.31838e-008,-0.120814
-3.29838e-008,-0.120814
-3.27838e-008,-0.114414
-3.25838e-008,-0.127214
-3.23838e-008,-0.133614
-3.21838e-008,-0.120814
-3.19838e-008,-0.127214
-3.17838e-008,-0.133614
-3.15838e-008,-0.140014
-3.13838e-008,-0.133614
-3.11838e-008,-0.133614
-3.09838e-008,-0.120814
-3.07838e-008,-0.133614
-3.05838e-008,-0.140014
-3.03838e-008,-0.133614
-3.01838e-008,-0.133614
-2.99838e-008,-0.127214
-2.97838e-008,-0.127214
-2.95838e-008,-0.114414
-2.93838e-008,-0.114414
-2.91838e-008,-0.108015
-2.89838e-008,-0.114414
-2.87838e-008,-0.0952152
-2.85838e-008,-0.0888155
-2.83838e-008,-0.101615
-2.81838e-008,-0.0952152
-2.79838e-008,-0.0952152
-2.77838e-008,-0.0952152
-2.75838e-008,-0.076016
-2.73838e-008,-0.0888155
-2.71838e-008,-0.076016
-2.69838e-008,-0.0568167
-2.67838e-008,-0.0632165
-2.65838e-008,-0.076016
-2.63838e-008,-0.0632165
-2.61838e-008,-0.0632165
-2.59838e-008,-0.0568167
-2.57838e-008,-0.050417
-2.55838e-008,-0.0632165
-2.53838e-008,-0.0696162
-2.51838e-008,-0.050417
-2.49838e-008,-0.050417
-2.47838e-008,-0.0376174
-2.45838e-008,-0.0440172
-2.43838e-008,-0.0312177
-2.41838e-008,-0.0248179
-2.39838e-008,-0.0312177
-2.37838e-008,-0.0312177
-2.35838e-008,-0.0312177
-2.33838e-008,-0.0248179
-2.31838e-008,-0.0248179
-2.29838e-008,-0.0312177
-2.27838e-008,-0.0376174
-2.25838e-008,-0.0312177
-2.23838e-008,-0.0312177
-2.21838e-008,-0.0312177
-2.19838e-008,-0.0120184
-2.17838e-008,-0.0248179
-2.15838e-008,-0.0312177
-2.13838e-008,-0.0184182
-2.11838e-008,-0.0248179
-2.09838e-008,-0.0184182
-2.07838e-008,-0.0184182
-2.05838e-008,-0.0120184
-2.03838e-008,-0.0120184
-2.01838e-008,-0.0120184
-1.99838e-008,-0.0184182
-1.97838e-008,-0.0248179
-1.95838e-008,-0.0248179
-1.93838e-008,-0.0120184
-1.91838e-008,-0.0184182
-1.89838e-008,0.000781077
-1.87838e-008,-0.0184182
-1.85838e-008,0.000781077
-1.83838e-008,-0.00561868
-1.81838e-008,-0.00561868
-1.79838e-008,-0.00561868
-1.77838e-008,-0.0120184
-1.75838e-008,-0.0120184
-1.73838e-008,-0.0120184
-1.71838e-008,-0.00561868
-1.69838e-008,-0.0184182
-1.67838e-008,-0.0120184
-1.65838e-008,0.000781077
-1.63838e-008,-0.00561868
-1.61838e-008,-0.00561868
-1.59838e-008,-0.0120184
-1.57838e-008,-0.00561868
-1.55838e-008,-0.0120184
-1.53838e-008,-0.00561868
-1.51838e-008,0.00718083
-1.49838e-008,-0.00561868
-1.47838e-008,-0.0120184
-1.45838e-008,-0.00561868
-1.43838e-008,0.000781077
-1.41838e-008,0.000781077
-1.39838e-008,0.000781077
-1.37838e-008,-0.0120184
-1.35838e-008,-0.00561868
-1.33838e-008,-0.00561868
-1.31838e-008,0.000781077
-1.29838e-008,0.00718083
-1.27838e-008,-0.00561868
-1.25838e-008,-0.00561868
-1.23838e-008,0.0135806
-1.21838e-008,0.000781077
-1.19838e-008,0.00718083
-1.17838e-008,0.0135806
-1.15838e-008,0.000781077
-1.13838e-008,0.00718083
-1.11838e-008,-0.00561868
-1.09838e-008,-0.00561868
-1.07838e-008,0.00718083
-1.05838e-008,0.000781077
-1.03838e-008,0.000781077
-1.01838e-008,-0.00561868
-9.983798e-009,0.00718083
-9.783798e-009,0.00718083
-9.583798e-009,0.000781077
-9.383798e-009,0.00718083
-9.183798e-009,-0.00561868
-8.983798e-009,0.00718083
-8.783798e-009,0.000781077
-8.583798e-009,-0.00561868
-8.383798e-009,0.00718083
-8.183798e-009,-0.00561868
-7.983798e-009,0.00718083
-7.783798e-009,0.00718083
-7.583798e-009,0.000781077
-7.383798e-009,0.0135806
-7.183798e-009,-0.00561868
-6.983798e-009,0.000781077
-6.783798e-009,0.000781077
-6.583798e-009,0.000781077
-6.383798e-009,0.000781077
-6.183798e-009,-0.00561868
-5.983798e-009,0.000781077
-5.783798e-009,0.000781077
-5.583798e-009,0.000781077
-5.383798e-009,-0.00561868
-5.183798e-009,-0.00561868
-4.983798e-009,0.00718083
-4.783798e-009,0.0135806
-4.583798e-009,0.00718083
-4.383798e-009,0.00718083
-4.183798e-009,0.0199803
-3.983798e-009,0.0135806
-3.783798e-009,0.0135806
-3.583798e-009,0.00718083
-3.383798e-009,0.00718083
-3.183798e-009,0.000781077
-2.983798e-009,0.0135806
-2.783798e-009,-0.00561868
-2.583798e-009,0.000781077
-2.383798e-009,0.00718083
-2.183798e-009,0.000781077
-1.983798e-009,0.0135806
-1.783798e-009,0.00718083
-1.583798e-009,0.00718083
-1.383798e-009,-0.0120184
-1.183798e-009,0.000781077
-9.837982e-010,0.0199803
-7.837982e-010,0.00718083
-5.837982e-010,0.00718083
-3.837982e-010,0.00718083
-1.837982e-010,0.0135806
1.620184e-011,0.000781077
2.162018e-010,0.00718083
4.162018e-010,-0.00561868
6.162018e-010,0.00718083
8.162018e-010,0.00718083
1.016202e-009,0.000781077
1.216202e-009,0.00718083
1.416202e-009,0.0199803
1.616202e-009,0.0135806
1.816202e-009,0.0135806
2.016202e-009,0.00718083
2.216202e-009,0.000781077
2.416202e-009,0.00718083
2.616202e-009,0.0135806
2.816202e-009,0.0135806
3.016202e-009,0.0135806
3.216202e-009,0.0199803
3.416202e-009,0.000781077
3.616202e-009,0.000781077
3.816202e-009,0.00718083
4.016202e-009,0.000781077
4.216202e-009,0.0135806
4.416202e-009,0.0199803
4.616202e-009,0.0135806
4.816202e-009,0.0135806
5.016202e-009,0.0135806
5.216202e-009,0.00718083
5.416202e-009,0.000781077
5.616202e-009,0.000781077
5.816202e-009,0.0199803
6.016202e-009,0.0135806
6.216202e-009,0.0135806
6.416202e-009,0.000781077
6.616202e-009,0.0135806
6.816202e-009,0.00718083
7.016202e-009,0.000781077
7.216202e-009,0.00718083
7.416202e-009,0.00718083
7.616202e-009,0.00718083
7.816202e-009,0.0199803
8.016202e-009,0.000781077
8.216202e-009,0.00718083
8.416202e-009,0.00718083
8.616202e-009,0.0199803
8.816202e-009,0.000781077
9.016202e-009,0.00718083
9.216202e-009,0.000781077
9.416202e-009,0.00718083
9.616202e-009,0.0135806
9.816202e-009,0.00718083
1.00162e-008,0.0135806
1.02162e-008,0.0135806
1.04162e-008,0.0135806
1.06162e-008,0.0263801
1.08162e-008,0.0135806
1.10162e-008,0.0263801
1.12162e-008,0.0199803
1.14162e-008,0.0199803
1.16162e-008,0.0199803
1.18162e-008,0.0263801
1.20162e-008,0.00718083
1.22162e-008,0.0135806
1.24162e-008,0.0199803
1.26162e-008,0.00718083
1.28162e-008,0.00718083
1.30162e-008,0.00718083
1.32162e-008,0.000781077
1.34162e-008,0.0135806
1.36162e-008,-0.00561868
1.38162e-008,0.0135806
1.40162e-008,0.0199803
1.42162e-008,0.000781077
1.44162e-008,0.00718083
1.46162e-008,0.00718083
1.48162e-008,0.00718083
1.50162e-008,0.0135806
1.52162e-008,0.0135806
1.54162e-008,0.00718083
1.56162e-008,0.00718083
1.58162e-008,0.0199803
1.60162e-008,0.0199803
1.62162e-008,0.0263801
1.64162e-008,0.0135806
1.66162e-008,0.0199803
1.68162e-008,0.00718083
1.70162e-008,0.0199803
1.72162e-008,0.00718083
1.74162e-008,0.0135806
1.76162e-008,0.00718083
1.78162e-008,0.0135806
1.80162e-008,0.0135806
1.82162e-008,0.00718083
1.84162e-008,0.000781077
1.86162e-008,0.00718083
1.88162e-008,0.0135806
1.90162e-008,0.0135806
1.92162e-008,0.00718083
1.94162e-008,0.00718083
1.96162e-008,0.00718083
1.98162e-008,0.0199803
2.00162e-008,0.0263801
2.02162e-008,0.00718083
2.04162e-008,0.0199803
2.06162e-008,0.0199803
2.08162e-008,0.0135806
2.10162e-008,0.000781077
2.12162e-008,0.000781077
2.14162e-008,0.000781077
2.16162e-008,-0.00561868
2.18162e-008,0.000781077
2.20162e-008,0.00718083
2.22162e-008,0.0199803
2.24162e-008,0.0135806
2.26162e-008,0.0135806
2.28162e-008,0.0135806
2.30162e-008,0.0135806
2.32162e-008,0.0263801
2.34162e-008,0.000781077
2.36162e-008,0.000781077
2.38162e-008,0.0135806
2.40162e-008,0.0199803
2.42162e-008,0.0327798
2.44162e-008,0.00718083
2.46162e-008,0.0199803
2.48162e-008,0.0135806
2.50162e-008,0.0135806
2.52162e-008,0.00718083
2.54162e-008,0.0199803
2.56162e-008,0.0135806
2.58162e-008,0.0199803
2.60162e-008,0.00718083
2.62162e-008,0.00718083
2.64162e-008,0.00718083
2.66162e-008,0.00718083
2.68162e-008,0.00718083
2.70162e-008,0.0199803
2.72162e-008,0.0135806
2.74162e-008,0.0135806
2.76162e-008,0.0135806
2.78162e-008,0.0199803
2.80162e-008,0.00718083
2.82162e-008,0.0135806
2.84162e-008,0.0135806
2.86162e-008,0.0263801
2.88162e-008,0.0199803
2.90162e-008,0.0199803
2.92162e-008,0.0199803
2.94162e-008,0.00718083
2.96162e-008,0.0135806
2.98162e-008,0.00718083
3.00162e-008,0.00718083
3.02162e-008,0.00718083
3.04162e-008,0.00718083
3.06162e-008,0.00718083
3.08162e-008,0.0135806
3.10162e-008,0.000781077
3.12162e-008,0.00718083
3.14162e-008,0.0135806
3.16162e-008,0.0135806
3.18162e-008,0.0199803
3.20162e-008,0.0135806
3.22162e-008,0.00718083
3.24162e-008,0.0135806
3.26162e-008,0.0199803
3.28162e-008,0.0135806
3.30162e-008,0.0199803
3.32162e-008,0.0135806
3.34162e-008,0.00718083
3.36162e-008,0.00718083
3.38162e-008,0.0135806
3.40162e-008,0.00718083
3.42162e-008,0.00718083
3.44162e-008,0.0135806
3.46162e-008,0.0135806
3.48162e-008,0.0327798
3.50162e-008,0.0135806
3.52162e-008,0.000781077
3.54162e-008,0.00718083
3.56162e-008,0.0135806
3.58162e-008,0.0199803
3.60162e-008,0.0135806
3.62162e-008,0.00718083
3.64162e-008,0.0263801
3.66162e-008,0.0135806
3.68162e-008,0.00718083
3.70162e-008,0.00718083
3.72162e-008,0.0135806
3.74162e-008,0.00718083
3.76162e-008,0.00718083
3.78162e-008,0.0199803
3.80162e-008,0.0199803
3.82162e-008,0.000781077
3.84162e-008,0.00718083
3.86162e-008,0.0135806
3.88162e-008,0.00718083
3.90162e-008,0.0199803
3.92162e-008,0.00718083
3.94162e-008,0.000781077
3.96162e-008,0.0135806
3.98162e-008,0.0199803
4.00162e-008,0.0199803
4.02162e-008,0.0135806
4.04162e-008,0.0199803
4.06162e-008,0.00718083
4.08162e-008,0.0135806
4.10162e-008,0.0135806
4.12162e-008,0.00718083
4.14162e-008,0.0263801
4.16162e-008,0.0199803
4.18162e-008,0.000781077
4.20162e-008,0.0135806
4.22162e-008,-0.00561868
4.24162e-008,-0.00561868
4.26162e-008,0.0135806
4.28162e-008,0.00718083
4.30162e-008,0.0135806
4.32162e-008,0.0135806
4.34162e-008,0.00718083
4.36162e-008,0.00718083
4.38162e-008,0.00718083
4.40162e-008,0.0135806
4.42162e-008,0.00718083
4.44162e-008,0.00718083
4.46162e-008,0.0199803
4.48162e-008,0.0135806
4.50162e-008,0.0135806
4.52162e-008,0.0199803
4.54162e-008,0.0199803
4.56162e-008,0.00718083
4.58162e-008,0.00718083
4.60162e-008,-0.00561868
4.62162e-008,0.0199803
4.64162e-008,0.0135806
4.66162e-008,0.0199803
4.68162e-008,0.0135806
4.70162e-008,0.0199803
4.72162e-008,0.00718083
4.74162e-008,0.000781077
4.76162e-008,0.0135806
4.78162e-008,0.0135806
4.80162e-008,0.0135806
4.82162e-008,0.0199803
4.84162e-008,0.000781077
4.86162e-008,0.000781077
4.88162e-008,0.0199803
4.90162e-008,0.0135806
4.92162e-008,0.00718083
4.94162e-008,0.0135806
4.96162e-008,0.0135806
4.98162e-008,0.00718083
5.00162e-008,0.00718083
5.02162e-008,0.00718083
5.04162e-008,0.0135806
5.06162e-008,0.0199803
5.08162e-008,0.0135806
5.10162e-008,0.0199803
5.12162e-008,0.00718083
5.14162e-008,0.000781077
5.16162e-008,0.00718083
5.18162e-008,0.00718083
5.20162e-008,0.00718083
5.22162e-008,0.0135806
5.24162e-008,0.0135806
5.26162e-008,0.00718083
5.28162e-008,0.0263801
5.30162e-008,0.0199803
5.32162e-008,0.0135806
5.34162e-008,0.0135806
5.36162e-008,0.0199803
5.38162e-008,0.00718083
5.40162e-008,0.0263801
5.42162e-008,0.0135806
5.44162e-008,0.000781077
5.46162e-008,0.00718083
5.48162e-008,0.0135806
5.50162e-008,0.00718083
5.52162e-008,0.0135806
5.54162e-008,0.00718083
5.56162e-008,0.00718083
5.58162e-008,0.0135806
5.60162e-008,0.0135806
5.62162e-008,0.0135806
5.64162e-008,0.0199803
5.66162e-008,0.0199803
5.68162e-008,0.0135806
5.70162e-008,0.0135806
5.72162e-008,0.0199803
5.74162e-008,0.00718083
5.76162e-008,0.0135806
5.78162e-008,0.000781077
5.80162e-008,0.0135806
5.82162e-008,0.00718083
5.84162e-008,0.0135806
5.86162e-008,0.0135806
5.88162e-008,0.000781077
5.90162e-008,0.000781077
5.92162e-008,0.0135806
5.94162e-008,0.00718083
5.96162e-008,0.000781077
5.98162e-008,0.00718083
6.00162e-008,0.0199803
6.02162e-008,0.00718083
6.04162e-008,0.00718083
6.06162e-008,0.00718083
6.08162e-008,0.0135806
6.10162e-008,0.000781077
6.12162e-008,0.000781077
6.14162e-008,0.00718083
6.16162e-008,0.0135806
6.18162e-008,0.00718083
6.20162e-008,0.00718083
6.22162e-008,0.00718083
6.24162e-008,0.00718083
6.26162e-008,0.0135806
6.28162e-008,0.0199803
6.30162e-008,0.0263801
6.32162e-008,0.0135806
6.34162e-008,0.0199803
6.36162e-008,0.0135806
6.38162e-008,0.000781077
6.40162e-008,0.00718083
6.42162e-008,0.00718083
6.44162e-008,0.0135806
6.46162e-008,0.00718083
6.48162e-008,0.0135806
6.50162e-008,0.0199803
6.52162e-008,0.0135806
6.54162e-008,0.00718083
6.56162e-008,0.0135806
6.58162e-008,0.0199803
6.60162e-008,0.0135806
6.62162e-008,-0.00561868
6.64162e-008,0.00718083
6.66162e-008,0.00718083
6.68162e-008,0.0135806
6.70162e-008,0.00718083
6.72162e-008,0.0199803
6.74162e-008,0.00718083
6.76162e-008,0.00718083
6.78162e-008,0.0199803
6.80162e-008,0.0199803
6.82162e-008,0.00718083
6.84162e-008,0.0199803
6.86162e-008,0.0135806
6.88162e-008,0.00718083
6.90162e-008,0.0135806
6.92162e-008,0.00718083
6.94162e-008,0.00718083
6.96162e-008,0.0135806
6.98162e-008,0.0135806
7.00162e-008,0.0135806
7.02162e-008,0.0199803
7.04162e-008,0.00718083
7.06162e-008,0.00718083
7.08162e-008,0.00718083
7.10162e-008,0.00718083
7.12162e-008,0.00718083
7.14162e-008,0.00718083
7.16162e-008,0.0135806
7.18162e-008,0.0135806
7.20162e-008,0.0263801
7.22162e-008,0.0135806
7.24162e-008,0.0135806
7.26162e-008,0.0135806
7.28162e-008,0.0199803
7.30162e-008,0.000781077
7.32162e-008,0.0135806
7.34162e-008,0.0199803
7.36162e-008,0.00718083
7.38162e-008,0.0199803
7.40162e-008,0.0135806
7.42162e-008,0.0263801
7.44162e-008,0.0263801
7.46162e-008,0.0199803
7.48162e-008,0.00718083
7.50162e-008,0.00718083
7.52162e-008,0.0135806
7.54162e-008,0.0135806
7.56162e-008,0.0263801
7.58162e-008,0.0199803
7.60162e-008,0.00718083
7.62162e-008,0.0199803
7.64162e-008,0.0135806
7.66162e-008,0.00718083
7.68162e-008,0.0135806
7.70162e-008,0.0135806
7.72162e-008,0.00718083
7.74162e-008,0.000781077
7.76162e-008,0.0135806
7.78162e-008,0.0199803
7.80162e-008,0.0135806
7.82162e-008,0.0199803
7.84162e-008,0.0135806
7.86162e-008,0.0199803
7.88162e-008,0.0135806
7.90162e-008,0.0199803
7.92162e-008,0.0135806
7.94162e-008,0.0199803
7.96162e-008,0.0135806
7.98162e-008,0.0263801
8.00162e-008,0.0263801
8.02162e-008,0.0199803
8.04162e-008,0.0135806
8.06162e-008,0.0199803
8.08162e-008,0.00718083
8.10162e-008,0.0199803
8.12162e-008,0.0135806
8.14162e-008,0.0199803
8.16162e-008,0.0263801
8.18162e-008,0.0199803
8.20162e-008,0.0135806
8.22162e-008,0.000781077
8.24162e-008,0.0135806
8.26162e-008,0.0135806
8.28162e-008,0.00718083
8.30162e-008,0.000781077
8.32162e-008,0.0135806
8.34162e-008,0.00718083
8.36162e-008,0.0263801
8.38162e-008,0.0199803
8.40162e-008,0.0327798
8.42162e-008,0.00718083
8.44162e-008,0.0199803
8.46162e-008,0.0135806
8.48162e-008,0.0135806
8.50162e-008,0.0135806
8.52162e-008,0.0135806
8.54162e-008,0.0135806
8.56162e-008,0.0135806
8.58162e-008,0.0135806
8.60162e-008,0.000781077
8.62162e-008,0.0135806
8.64162e-008,0.0199803
8.66162e-008,0.0135806
8.68162e-008,0.00718083
8.70162e-008,0.0135806
8.72162e-008,0.0135806
8.74162e-008,0.0135806
8.76162e-008,0.0199803
8.78162e-008,0.0135806
8.80162e-008,0.0135806
8.82162e-008,0.00718083
8.84162e-008,0.0135806
8.86162e-008,0.0135806
8.88162e-008,0.00718083
8.90162e-008,0.0199803
8.92162e-008,0.00718083
8.94162e-008,0.0327798
8.96162e-008,0.0135806
8.98162e-008,0.0135806
9.00162e-008,0.0199803
9.02162e-008,0.0199803
9.04162e-008,0.00718083
9.06162e-008,0.0199803
9.08162e-008,0.0135806
9.10162e-008,0.00718083
9.12162e-008,0.0135806
9.14162e-008,0.0135806
9.16162e-008,0.0199803
9.18162e-008,0.0199803
9.20162e-008,0.0135806
9.22162e-008,0.00718083
9.24162e-008,0.0135806
9.26162e-008,0.00718083
9.28162e-008,0.00718083
9.30162e-008,0.0135806
9.32162e-008,0.0199803
9.34162e-008,0.00718083
9.36162e-008,0.0199803
9.38162e-008,0.00718083
9.40162e-008,0.0135806
9.42162e-008,0.0135806
9.44162e-008,0.00718083
9.46162e-008,0.00718083
9.48162e-008,0.0135806
9.50162e-008,0.0263801
9.52162e-008,0.0135806
9.54162e-008,0.0135806
9.56162e-008,0.0199803
9.58162e-008,0.0199803
9.60162e-008,0.000781077
9.62162e-008,0.0135806
9.64162e-008,0.0135806
9.66162e-008,0.0199803
9.68162e-008,0.0135806
9.70162e-008,0.0263801
9.72162e-008,0.0263801
9.74162e-008,0.0135806
9.76162e-008,0.0199803
9.78162e-008,0.00718083
9.80162e-008,0.00718083
9.82162e-008,0.0199803
9.84162e-008,0.0135806
9.86162e-008,0.00718083
9.88162e-008,0.0135806
9.90162e-008,0.0199803
9.92162e-008,0.0135806
9.94162e-008,0.00718083
9.96162e-008,0.0199803
9.98162e-008,0.0199803
1.000162e-007,0.0135806
1.002162e-007,0.0199803
1.004162e-007,0.0199803
1.006162e-007,0.00718083
1.008162e-007,0.0199803
1.010162e-007,0.0199803
1.012162e-007,0.0135806
1.014162e-007,0.0135806
1.016162e-007,0.0135806
1.018162e-007,-0.00561868
1.020162e-007,0.00718083
1.022162e-007,0.0199803
1.024162e-007,0.0135806
1.026162e-007,0.0135806
1.028162e-007,0.0135806
1.030162e-007,0.0135806
1.032162e-007,0.0135806
1.034162e-007,0.00718083
1.036162e-007,0.0135806
1.038162e-007,0.0135806
1.040162e-007,0.0199803
1.042162e-007,0.0199803
1.044162e-007,0.0327798
1.046162e-007,0.0263801
1.048162e-007,0.0135806
1.050162e-007,0.00718083
1.052162e-007,0.00718083
1.054162e-007,0.00718083
1.056162e-007,0.0135806
1.058162e-007,0.0199803
1.060162e-007,0.0135806
1.062162e-007,0.0263801
1.064162e-007,0.0199803
1.066162e-007,0.0199803
1.068162e-007,0.0135806
1.070162e-007,0.00718083
1.072162e-007,0.00718083
1.074162e-007,0.00718083
1.076162e-007,0.0135806
1.078162e-007,0.00718083
1.080162e-007,0.0199803
1.082162e-007,0.0199803
1.084162e-007,0.00718083
1.086162e-007,0.0135806
1.088162e-007,0.0135806
1.090162e-007,0.0135806
1.092162e-007,0.0135806
1.094162e-007,0.0135806
1.096162e-007,0.000781077
1.098162e-007,0.00718083
1.100162e-007,0.0135806
1.102162e-007,0.00718083
1.104162e-007,0.00718083
1.106162e-007,0.0199803
1.108162e-007,0.00718083
1.110162e-007,0.0199803
1.112162e-007,0.0199803
1.114162e-007,0.0199803
1.116162e-007,0.0135806
1.118162e-007,0.0135806
1.120162e-007,0.00718083
1.122162e-007,0.0199803
1.124162e-007,0.0135806
1.126162e-007,0.0135806
1.128162e-007,0.0199803
1.130162e-007,0.00718083
1.132162e-007,0.00718083
1.134162e-007,0.00718083
1.136162e-007,0.0135806
1.138162e-007,0.0199803
1.140162e-007,0.00718083
1.142162e-007,0.00718083
1.144162e-007,0.00718083
1.146162e-007,0.0135806
1.148162e-007,0.0135806
1.150162e-007,0.0327798
1.152162e-007,0.0135806
1.154162e-007,0.0199803
1.156162e-007,0.0135806
1.158162e-007,0.0263801
1.160162e-007,0.00718083
1.162162e-007,0.0199803
1.164162e-007,0.00718083
1.166162e-007,0.0135806
1.168162e-007,0.0199803
1.170162e-007,0.0199803
1.172162e-007,0.0135806
1.174162e-007,0.00718083
1.176162e-007,0.00718083
1.178162e-007,0.000781077
1.180162e-007,0.00718083
1.182162e-007,0.00718083
1.184162e-007,-0.00561868
1.186162e-007,0.00718083
1.188162e-007,0.00718083
1.190162e-007,0.0135806
1.192162e-007,0.00718083
1.194162e-007,0.0263801
1.196162e-007,0.0199803
1.198162e-007,0.0199803
1.200162e-007,0.0199803
1.202162e-007,0.0135806
1.204162e-007,0.0199803
1.206162e-007,0.0135806
1.208162e-007,0.00718083
1.210162e-007,0.0199803
1.212162e-007,0.0135806
1.214162e-007,0.0135806
1.216162e-007,0.0263801
1.218162e-007,0.0199803
1.220162e-007,0.0199803
1.222162e-007,0.0199803
1.224162e-007,0.0199803
1.226162e-007,0.00718083
1.228162e-007,0.0135806
1.230162e-007,0.0199803
1.232162e-007,0.0199803
1.234162e-007,0.00718083
1.236162e-007,0.0135806
1.238162e-007,0.00718083
1.240162e-007,0.0135806
1.242162e-007,0.0263801
1.244162e-007,0.0135806
1.246162e-007,0.0135806
1.248162e-007,0.00718083
1.250162e-007,0.0199803
1.252162e-007,0.0135806
1.254162e-007,0.0135806
1.256162e-007,0.00718083
1.258162e-007,0.0135806
1.260162e-007,0.0135806
1.262162e-007,0.0199803
1.264162e-007,0.0135806
1.266162e-007,0.00718083
1.268162e-007,0.0135806
1.270162e-007,0.00718083
1.272162e-007,0.0135806
1.274162e-007,0.0199803
1.276162e-007,0.0135806
1.278162e-007,0.0135806
1.280162e-007,0.0135806
1.282162e-007,0.0135806
1.284162e-007,0.00718083
1.286162e-007,0.0199803
1.288162e-007,0.0135806
1.290162e-007,0.00718083
1.292162e-007,0.00718083
1.294162e-007,0.00718083
1.296162e-007,0.000781077
1.298162e-007,0.00718083
1.300162e-007,0.0135806
1.302162e-007,0.0199803
1.304162e-007,0.0135806
1.306162e-007,0.0135806
1.308162e-007,0.0263801
1.310162e-007,0.0199803
1.312162e-007,0.00718083
1.314162e-007,0.0263801
1.316162e-007,0.0263801
1.318162e-007,0.0199803
1.320162e-007,0.0199803
1.322162e-007,0.0135806
1.324162e-007,0.0199803
1.326162e-007,0.0199803
1.328162e-007,0.0199803
1.330162e-007,0.00718083
1.332162e-007,0.0135806
1.334162e-007,0.0135806
1.336162e-007,0.0199803
1.338162e-007,0.0135806
1.340162e-007,0.0199803
1.342162e-007,0.0199803
1.344162e-007,0.00718083
1.346162e-007,0.0199803
1.348162e-007,0.00718083
1.350162e-007,0.0135806
1.352162e-007,0.00718083
1.354162e-007,0.00718083
1.356162e-007,0.0135806
1.358162e-007,0.00718083
1.360162e-007,0.0263801
1.362162e-007,0.00718083
1.364162e-007,0.0199803
1.366162e-007,0.0199803
1.368162e-007,0.0199803
1.370162e-007,0.0199803
1.372162e-007,0.000781077
1.374162e-007,0.00718083
1.376162e-007,0.0135806
1.378162e-007,0.0135806
1.380162e-007,0.00718083
1.382162e-007,0.0135806
1.384162e-007,0.0135806
1.386162e-007,0.000781077
1.388162e-007,0.00718083
1.390162e-007,0.00718083
1.392162e-007,0.000781077
1.394162e-007,0.00718083
1.396162e-007,0.0135806
1.398162e-007,0.00718083
1.400162e-007,0.0135806
1.402162e-007,0.0135806
1.404162e-007,0.000781077
1.406162e-007,0.0199803
1.408162e-007,0.0199803
1.410162e-007,0.0135806
1.412162e-007,0.00718083
1.414162e-007,0.0135806
1.416162e-007,0.0135806
1.418162e-007,0.0135806
1.420162e-007,0.0135806
1.422162e-007,0.0135806
1.424162e-007,0.0199803
1.426162e-007,0.00718083
1.428162e-007,0.0135806
1.430162e-007,0.0135806
1.432162e-007,0.0135806
1.434162e-007,0.00718083
1.436162e-007,0.0135806
1.438162e-007,0.0135806
1.440162e-007,0.0199803
1.442162e-007,0.0135806
1.444162e-007,0.00718083
1.446162e-007,0.0135806
1.448162e-007,0.00718083
1.450162e-007,0.00718083
1.452162e-007,0.00718083
1.454162e-007,0.0199803
1.456162e-007,0.0199803
1.458162e-007,0.00718083
1.460162e-007,0.0199803
1.462162e-007,0.0199803
1.464162e-007,0.0135806
1.466162e-007,0.0199803
1.468162e-007,0.0199803
1.470162e-007,0.0199803
1.472162e-007,0.0135806
1.474162e-007,0.00718083
1.476162e-007,0.0199803
1.478162e-007,0.0135806
1.480162e-007,0.0135806
1.482162e-007,0.0135806
1.484162e-007,0.0135806
1.486162e-007,0.00718083
1.488162e-007,0.0199803
1.490162e-007,0.0135806
1.492162e-007,0.0135806
1.494162e-007,0.0199803
1.496162e-007,0.00718083
1.498162e-007,0.00718083
1.500162e-007,0.0135806
1.502162e-007,0.0135806
1.504162e-007,0.0135806
1.506162e-007,0.00718083
1.508162e-007,0.0199803
1.510162e-007,0.0199803
1.512162e-007,0.0135806
1.514162e-007,0.0135806
1.516162e-007,0.0199803
1.518162e-007,0.0135806
1.520162e-007,0.00718083
1.522162e-007,0.0135806
1.524162e-007,0.00718083
1.526162e-007,0.00718083
1.528162e-007,0.00718083
1.530162e-007,0.00718083
1.532162e-007,0.0199803
1.534162e-007,0.0135806
1.536162e-007,0.0135806
1.538162e-007,0.0135806
1.540162e-007,0.0135806
1.542162e-007,0.0135806
1.544162e-007,0.0199803
1.546162e-007,0.0135806
1.548162e-007,0.0199803
1.550162e-007,0.0135806
1.552162e-007,0.0199803
1.554162e-007,0.0135806
1.556162e-007,0.0135806
1.558162e-007,0.0199803
1.560162e-007,0.0199803
1.562162e-007,0.0135806
1.564162e-007,0.00718083
1.566162e-007,0.0135806
1.568162e-007,0.0135806
1.570162e-007,0.00718083
1.572162e-007,0.00718083
1.574162e-007,0.0199803
1.576162e-007,0.0135806
1.578162e-007,0.0135806
1.580162e-007,0.0199803
1.582162e-007,0.000781077
1.584162e-007,-0.00561868
1.586162e-007,0.0135806
1.588162e-007,0.0199803
1.590162e-007,0.0263801
1.592162e-007,0.0135806
1.594162e-007,0.0135806
1.596162e-007,0.0135806
1.598162e-007,0.0199803
1.600162e-007,0.00718083
1.602162e-007,0.00718083
1.604162e-007,0.00718083
1.606162e-007,0.00718083
1.608162e-007,0.0199803
1.610162e-007,0.0199803
1.612162e-007,0.0135806
1.614162e-007,0.00718083
1.616162e-007,0.00718083
1.618162e-007,0.0135806
1.620162e-007,0.0199803
1.622162e-007,0.0135806
1.624162e-007,0.0135806
1.626162e-007,0.0199803
1.628162e-007,0.0199803
1.630162e-007,0.0199803
1.632162e-007,0.0135806
1.634162e-007,0.0135806
1.636162e-007,0.0199803
1.638162e-007,0.0199803
1.640162e-007,0.0135806
1.642162e-007,0.00718083
1.644162e-007,0.00718083
1.646162e-007,0.00718083
1.648162e-007,0.0135806
1.650162e-007,0.0199803
1.652162e-007,0.000781077
1.654162e-007,0.0135806
1.656162e-007,0.00718083
1.658162e-007,0.0135806
1.660162e-007,0.0199803
1.662162e-007,0.0135806
1.664162e-007,0.0199803
1.666162e-007,0.0135806
1.668162e-007,0.00718083
1.670162e-007,0.0135806
1.672162e-007,0.0135806
1.674162e-007,0.0327798
1.676162e-007,0.0135806
1.678162e-007,0.0263801
1.680162e-007,0.0199803
1.682162e-007,0.0199803
1.684162e-007,0.0199803
1.686162e-007,0.0263801
1.688162e-007,0.0135806
1.690162e-007,0.00718083
1.692162e-007,0.0199803
1.694162e-007,0.0135806
1.696162e-007,0.0135806
1.698162e-007,0.0135806
1.700162e-007,0.0199803
1.702162e-007,0.0263801
1.704162e-007,0.0263801
1.706162e-007,0.0135806
1.708162e-007,0.00718083
1.710162e-007,0.00718083
1.712162e-007,0.0199803
1.714162e-007,0.0135806
1.716162e-007,0.0199803
1.718162e-007,0.0199803
1.720162e-007,0.00718083
1.722162e-007,0.0199803
1.724162e-007,0.0135806
1.726162e-007,0.0135806
1.728162e-007,0.0135806
1.730162e-007,0.0135806
1.732162e-007,0.000781077
1.734162e-007,0.0263801
1.736162e-007,0.0135806
1.738162e-007,0.00718083
1.740162e-007,0.0135806
1.742162e-007,0.0199803
1.744162e-007,0.0199803
1.746162e-007,0.0135806
1.748162e-007,0.00718083
1.750162e-007,-0.00561868
1.752162e-007,0.00718083
1.754162e-007,0.0199803
1.756162e-007,0.0199803
1.758162e-007,0.0263801
1.760162e-007,0.000781077
1.762162e-007,0.00718083
1.764162e-007,0.0263801
1.766162e-007,0.0263801
1.768162e-007,0.0199803
1.770162e-007,0.0199803
1.772162e-007,0.0135806
1.774162e-007,0.0135806
1.776162e-007,0.0135806
1.778162e-007,0.0135806
1.780162e-007,0.000781077
1.782162e-007,0.0199803
1.784162e-007,0.0135806
1.786162e-007,0.0135806
1.788162e-007,0.00718083
1.790162e-007,0.00718083
1.792162e-007,0.00718083
1.794162e-007,0.0199803
1.796162e-007,0.00718083
1.798162e-007,0.0135806
1.800162e-007,0.00718083
1.802162e-007,0.0199803
1.804162e-007,0.0199803
1.806162e-007,0.0199803
1.808162e-007,0.0199803
1.810162e-007,0.0135806
1.812162e-007,0.00718083
1.814162e-007,0.0135806
1.816162e-007,0.000781077
1.818162e-007,0.00718083
1.820162e-007,0.00718083
1.822162e-007,0.0199803
1.824162e-007,0.00718083
1.826162e-007,-0.00561868
1.828162e-007,0.000781077
1.830162e-007,0.0135806
1.832162e-007,0.0199803
1.834162e-007,0.000781077
1.836162e-007,0.0135806
1.838162e-007,0.0135806
1.840162e-007,0.0135806
1.842162e-007,0.0135806
1.844162e-007,0.0263801
1.846162e-007,0.0263801
1.848162e-007,0.0263801
1.850162e-007,0.0263801
1.852162e-007,0.0199803
1.854162e-007,0.0199803
1.856162e-007,0.00718083
1.858162e-007,0.0135806
1.860162e-007,0.0199803
1.862162e-007,0.0199803
1.864162e-007,0.0135806
1.866162e-007,0.0135806
1.868162e-007,0.0135806
1.870162e-007,0.0135806
1.872162e-007,0.0199803
1.874162e-007,0.00718083
1.876162e-007,0.000781077
1.878162e-007,0.00718083
1.880162e-007,0.0135806
1.882162e-007,0.0135806
1.884162e-007,0.0199803
1.886162e-007,0.00718083
1.888162e-007,0.00718083
1.890162e-007,0.0199803
1.892162e-007,0.0135806
1.894162e-007,0.00718083
1.896162e-007,0.0135806
1.898162e-007,0.0135806
1.900162e-007,0.000781077
1.902162e-007,0.00718083
1.904162e-007,0.000781077
1.906162e-007,0.00718083
1.908162e-007,0.00718083
1.910162e-007,0.000781077
1.912162e-007,0.00718083
1.914162e-007,0.0263801
1.916162e-007,0.0199803
1.918162e-007,0.0263801
1.920162e-007,0.0135806
1.922162e-007,0.0199803
1.924162e-007,0.0135806
1.926162e-007,0.00718083
1.928162e-007,0.0135806
1.930162e-007,0.0199803
1.932162e-007,0.0135806
1.934162e-007,0.0199803
1.936162e-007,0.00718083
1.938162e-007,0.0135806
1.940162e-007,0.0199803
1.942162e-007,0.0199803
1.944162e-007,0.0263801
1.946162e-007,0.0135806
1.948162e-007,0.000781077
1.950162e-007,-0.00561868
1.952162e-007,0.0135806
1.954162e-007,0.00718083
1.956162e-007,0.0135806
1.958162e-007,0.0263801
1.960162e-007,0.000781077
1.962162e-007,0.0199803
1.964162e-007,0.0135806
1.966162e-007,0.0135806
1.968162e-007,0.00718083
1.970162e-007,0.0199803
1.972162e-007,0.00718083
1.974162e-007,0.00718083
1.976162e-007,0.00718083
1.978162e-007,0.0135806
1.980162e-007,0.0199803
1.982162e-007,0.0199803
1.984162e-007,0.0135806
1.986162e-007,0.0135806
1.988162e-007,0.00718083
1.990162e-007,0.0135806
1.992162e-007,0.0263801
1.994162e-007,0.0135806
1.996162e-007,0.0135806
1.998162e-007,0.0135806
2.000162e-007,0.0135806
2.002162e-007,0.0135806
2.004162e-007,0.0263801
2.006162e-007,0.0199803
2.008162e-007,0.0199803
2.010162e-007,0.0135806
2.012162e-007,0.0135806
2.014162e-007,0.00718083
2.016162e-007,0.0199803
2.018162e-007,0.0135806
2.020162e-007,0.0135806
2.022162e-007,0.0135806
2.024162e-007,0.0135806
2.026162e-007,0.00718083
2.028162e-007,0.000781077
2.030162e-007,0.00718083
2.032162e-007,0.0135806
2.034162e-007,0.0135806
2.036162e-007,0.0199803
2.038162e-007,0.0199803
2.040162e-007,0.0135806
2.042162e-007,0.000781077
2.044162e-007,0.0135806
2.046162e-007,0.0199803
2.048162e-007,0.0135806
2.050162e-007,0.000781077
2.052162e-007,0.0263801
2.054162e-007,0.0199803
2.056162e-007,0.0199803
2.058162e-007,0.00718083
2.060162e-007,0.0135806
2.062162e-007,0.0135806
2.064162e-007,0.0135806
2.066162e-007,0.00718083
2.068162e-007,0.00718083
2.070162e-007,0.0135806
2.072162e-007,0.0135806
2.074162e-007,0.0135806
2.076162e-007,0.0199803
2.078162e-007,0.0135806
2.080162e-007,0.00718083
2.082162e-007,0.0135806
2.084162e-007,0.0199803
2.086162e-007,0.0135806
2.088162e-007,0.00718083
2.090162e-007,0.0263801
2.092162e-007,0.0263801
2.094162e-007,0.0135806
2.096162e-007,0.0199803
2.098162e-007,0.00718083
2.100162e-007,0.00718083
2.102162e-007,0.0199803
2.104162e-007,0.0135806
2.106162e-007,0.0199803
2.108162e-007,0.0135806
2.110162e-007,0.0135806
2.112162e-007,0.0135806
2.114162e-007,0.0135806
2.116162e-007,0.0135806
2.118162e-007,0.00718083
2.120162e-007,0.00718083
2.122162e-007,0.0135806
2.124162e-007,0.0199803
2.126162e-007,0.00718083
2.128162e-007,0.00718083
2.130162e-007,0.0135806
2.132162e-007,0.00718083
2.134162e-007,0.00718083
2.136162e-007,0.0135806
2.138162e-007,0.0199803
2.140162e-007,0.00718083
2.142162e-007,0.0263801
2.144162e-007,0.0263801
2.146162e-007,0.0199803
2.148162e-007,0.0199803
2.150162e-007,0.0263801
2.152162e-007,0.0199803
2.154162e-007,0.0199803
2.156162e-007,0.0135806
2.158162e-007,0.0199803
2.160162e-007,0.0199803
2.162162e-007,0.0263801
2.164162e-007,0.0135806
2.166162e-007,0.0199803
2.168162e-007,0.000781077
2.170162e-007,0.0135806
2.172162e-007,0.00718083
2.174162e-007,0.0135806
2.176162e-007,0.0135806
2.178162e-007,0.0135806
2.180162e-007,0.0199803
2.182162e-007,0.0135806
2.184162e-007,0.00718083
2.186162e-007,0.0135806
2.188162e-007,0.0135806
2.190162e-007,0.0199803
2.192162e-007,0.0199803
2.194162e-007,0.0263801
2.196162e-007,0.0199803
2.198162e-007,0.0199803
2.200162e-007,0.0135806
2.202162e-007,0.0199803
2.204162e-007,0.0135806
2.206162e-007,0.0199803
2.208162e-007,0.0327798
2.210162e-007,0.0199803
2.212162e-007,0.0135806
2.214162e-007,0.00718083
2.216162e-007,0.00718083
2.218162e-007,0.0135806
2.220162e-007,0.0135806
2.222162e-007,0.0199803
2.224162e-007,0.0135806
2.226162e-007,0.00718083
2.228162e-007,0.0263801
2.230162e-007,0.0263801
2.232162e-007,0.0135806
2.234162e-007,0.0263801
2.236162e-007,0.0135806
2.238162e-007,0.0199803
2.240162e-007,0.0199803
2.242162e-007,0.00718083
2.244162e-007,0.0135806
2.246162e-007,0.0135806
2.248162e-007,0.00718083
2.250162e-007,0.00718083
2.252162e-007,0.0135806
2.254162e-007,0.000781077
2.256162e-007,0.0135806
2.258162e-007,0.0135806
2.260162e-007,0.000781077
2.262162e-007,0.0135806
2.264162e-007,0.00718083
2.266162e-007,0.0199803
2.268162e-007,0.0135806
2.270162e-007,0.0199803
2.272162e-007,0.0135806
2.274162e-007,0.0199803
2.276162e-007,0.0199803
2.278162e-007,0.0135806
2.280162e-007,0.0135806
2.282162e-007,0.0135806
2.284162e-007,0.0135806
2.286162e-007,0.0135806
2.288162e-007,0.0199803
2.290162e-007,0.00718083
2.292162e-007,0.0135806
2.294162e-007,0.0135806
2.296162e-007,0.0135806
2.298162e-007,0.0135806
2.300162e-007,0.0135806
2.302162e-007,0.0135806
2.304162e-007,0.0135806
2.306162e-007,0.0199803
2.308162e-007,0.0135806
2.310162e-007,0.0199803
2.312162e-007,0.00718083
2.314162e-007,0.00718083
2.316162e-007,0.00718083
2.318162e-007,0.0135806
2.320162e-007,0.00718083
2.322162e-007,0.0199803
2.324162e-007,0.0135806
2.326162e-007,0.00718083
2.328162e-007,0.0263801
2.330162e-007,0.0263801
2.332162e-007,0.0199803
2.334162e-007,0.0135806
2.336162e-007,0.0135806
2.338162e-007,0.00718083
2.340162e-007,0.0199803
2.342162e-007,0.00718083
2.344162e-007,0.00718083
2.346162e-007,0.0135806
2.348162e-007,0.00718083
2.350162e-007,0.0199803
2.352162e-007,0.0135806
2.354162e-007,0.0199803
2.356162e-007,0.0135806
2.358162e-007,0.0199803
2.360162e-007,0.0135806
2.362162e-007,0.000781077
2.364162e-007,0.0135806
2.366162e-007,0.0199803
2.368162e-007,0.0199803
2.370162e-007,0.0135806
2.372162e-007,0.00718083
2.374162e-007,0.000781077
2.376162e-007,0.0135806
2.378162e-007,0.0135806
2.380162e-007,0.0135806
2.382162e-007,0.0135806
2.384162e-007,0.000781077
2.386162e-007,0.00718083
2.388162e-007,0.0135806
2.390162e-007,0.0199803
2.392162e-007,-0.00561868
2.394162e-007,0.000781077
2.396162e-007,0.0135806
2.398162e-007,0.0263801
2.400162e-007,0.00718083
2.402162e-007,0.0199803
2.404162e-007,0.0135806
2.406162e-007,0.0135806
2.408162e-007,0.0199803
2.410162e-007,0.00718083
2.412162e-007,0.0263801
2.414162e-007,0.0263801
2.416162e-007,0.0263801
2.418162e-007,0.0199803
2.420162e-007,0.0199803
2.422162e-007,0.0135806
2.424162e-007,0.0199803
2.426162e-007,0.00718083
2.428162e-007,0.00718083
2.430162e-007,0.00718083
2.432162e-007,0.0135806
2.434162e-007,0.0135806
2.436162e-007,0.0135806
2.438162e-007,0.0135806
2.440162e-007,0.0135806
2.442162e-007,0.0199803
2.444162e-007,0.0135806
2.446162e-007,0.0135806
2.448162e-007,0.0199803
2.450162e-007,0.0199803
2.452162e-007,0.0135806
2.454162e-007,0.0135806
2.456162e-007,0.0263801
2.458162e-007,0.0135806
2.460162e-007,0.0135806
2.462162e-007,0.0135806
2.464162e-007,-0.00561868
2.466162e-007,0.000781077
2.468162e-007,0.0135806
2.470162e-007,0.0199803
2.472162e-007,0.00718083
2.474162e-007,0.0199803
2.476162e-007,0.0135806
2.478162e-007,0.0135806
2.480162e-007,0.00718083
2.482162e-007,0.00718083
2.484162e-007,0.0199803
2.486162e-007,0.0135806
2.488162e-007,0.00718083
2.490162e-007,0.0199803
2.492162e-007,0.0135806
2.494162e-007,0.00718083
2.496162e-007,0.0135806
2.498162e-007,0.0135806
2.500162e-007,0.0135806
2.502162e-007,0.0199803
2.504162e-007,0.0263801
2.506162e-007,0.0199803
2.508162e-007,0.0391796
2.510162e-007,0.0199803
2.512162e-007,0.0199803
2.514162e-007,0.0327798
2.516162e-007,0.0199803
2.518162e-007,0.0199803
2.520162e-007,0.0135806
2.522162e-007,0.0199803
2.524162e-007,0.00718083
2.526162e-007,0.00718083
2.528162e-007,0.000781077
2.530162e-007,0.0135806
2.532162e-007,0.00718083
2.534162e-007,0.0199803
2.536162e-007,0.0199803
2.538162e-007,0.0199803
2.540162e-007,0.0135806
2.542162e-007,0.0199803
2.544162e-007,0.0135806
2.546162e-007,0.0135806
2.548162e-007,0.0135806
2.550162e-007,0.0199803
2.552162e-007,0.0135806
2.554162e-007,0.0199803
2.556162e-007,0.0135806
2.558162e-007,0.0135806
2.560162e-007,0.00718083
2.562162e-007,0.0135806
2.564162e-007,0.0199803
2.566162e-007,0.0135806
2.568162e-007,0.00718083
2.570162e-007,0.0135806
2.572162e-007,0.00718083
2.574162e-007,0.0135806
2.576162e-007,0.0199803
2.578162e-007,0.0199803
2.580162e-007,0.0199803
2.582162e-007,0.0199803
2.584162e-007,0.0199803
2.586162e-007,0.0135806
2.588162e-007,0.0135806
2.590162e-007,0.0135806
2.592162e-007,0.000781077
2.594162e-007,0.0199803
2.596162e-007,0.0199803
2.598162e-007,0.0199803
2.600162e-007,0.0199803
2.602162e-007,0.0135806
2.604162e-007,0.0135806
2.606162e-007,0.0135806
2.608162e-007,0.0263801
2.610162e-007,0.0199803
2.612162e-007,0.0199803
2.614162e-007,0.00718083
2.616162e-007,0.0199803
2.618162e-007,0.0199803
2.620162e-007,0.00718083
2.622162e-007,0.0135806
2.624162e-007,-0.00561868
2.626162e-007,0.000781077
2.628162e-007,0.00718083
2.630162e-007,0.00718083
2.632162e-007,0.0135806
2.634162e-007,0.0135806
2.636162e-007,0.0199803
2.638162e-007,0.0199803
2.640162e-007,0.00718083
2.642162e-007,0.0199803
2.644162e-007,0.0199803
2.646162e-007,0.0199803
2.648162e-007,0.0135806
2.650162e-007,0.0135806
2.652162e-007,0.0199803
2.654162e-007,0.0135806
2.656162e-007,0.0135806
2.658162e-007,0.00718083
2.660162e-007,0.0135806
2.662162e-007,0.000781077
2.664162e-007,0.0199803
2.666162e-007,0.00718083
2.668162e-007,0.0135806
2.670162e-007,0.0199803
2.672162e-007,0.0135806
2.674162e-007,0.00718083
2.676162e-007,0.00718083
2.678162e-007,0.0199803
2.680162e-007,0.0263801
2.682162e-007,0.0199803
2.684162e-007,0.0199803
2.686162e-007,0.0135806
2.688162e-007,0.0199803
2.690162e-007,0.0135806
2.692162e-007,-0.0120184
2.694162e-007,0.00718083
2.696162e-007,0.00718083
2.698162e-007,0.0135806
2.700162e-007,0.00718083
2.702162e-007,0.0135806
2.704162e-007,0.0135806
2.706162e-007,0.0199803
2.708162e-007,0.0135806
2.710162e-007,0.000781077
2.712162e-007,-0.00561868
2.714162e-007,0.00718083
2.716162e-007,0.00718083
2.718162e-007,0.0199803
2.720162e-007,0.0135806
2.722162e-007,0.00718083
2.724162e-007,0.00718083
2.726162e-007,0.0199803
2.728162e-007,0.00718083
2.730162e-007,0.0199803
2.732162e-007,0.0199803
2.734162e-007,0.00718083
2.736162e-007,0.00718083
2.738162e-007,0.00718083
2.740162e-007,0.00718083
2.742162e-007,0.00718083
2.744162e-007,0.000781077
2.746162e-007,0.00718083
2.748162e-007,0.0135806
2.750162e-007,0.0135806
2.752162e-007,0.0199803
2.754162e-007,0.00718083
2.756162e-007,0.0199803
2.758162e-007,0.00718083
2.760162e-007,0.0135806
2.762162e-007,0.0199803
2.764162e-007,0.0135806
2.766162e-007,0.0135806
2.768162e-007,0.0199803
2.770162e-007,0.00718083
2.772162e-007,0.0263801
2.774162e-007,0.0135806
2.776162e-007,0.0135806
2.778162e-007,0.0199803
2.780162e-007,0.0199803
2.782162e-007,0.00718083
2.784162e-007,0.0135806
2.786162e-007,0.0199803
2.788162e-007,0.0199803
2.790162e-007,0.0199803
2.792162e-007,0.0199803
2.794162e-007,0.0199803
2.796162e-007,0.0135806
2.798162e-007,0.0135806
2.800162e-007,0.0199803
2.802162e-007,0.0263801
2.804162e-007,0.00718083
2.806162e-007,0.00718083
2.808162e-007,-0.00561868
2.810162e-007,0.0135806
2.812162e-007,0.0135806
2.814162e-007,0.0135806
2.816162e-007,0.0135806
2.818162e-007,0.000781077
2.820162e-007,0.00718083
2.822162e-007,0.00718083
2.824162e-007,0.00718083
2.826162e-007,0.0135806
2.828162e-007,0.00718083
2.830162e-007,0.00718083
2.832162e-007,0.00718083
2.834162e-007,0.0199803
2.836162e-007,0.0135806
2.838162e-007,0.00718083
2.840162e-007,0.0263801
2.842162e-007,0.000781077
2.844162e-007,0.00718083
2.846162e-007,0.00718083
2.848162e-007,0.00718083
2.850162e-007,0.00718083
2.852162e-007,0.00718083
2.854162e-007,0.0199803
2.856162e-007,0.0263801
2.858162e-007,0.0135806
2.860162e-007,0.0135806
2.862162e-007,0.0199803
2.864162e-007,0.0199803
2.866162e-007,0.0199803
2.868162e-007,0.0199803
2.870162e-007,0.0263801
2.872162e-007,0.0199803
2.874162e-007,0.0135806
2.876162e-007,0.0135806
2.878162e-007,0.00718083
2.880162e-007,0.0199803
2.882162e-007,0.0135806
2.884162e-007,0.0135806
2.886162e-007,0.0199803
2.888162e-007,0.0263801
2.890162e-007,0.00718083
2.892162e-007,0.00718083
2.894162e-007,0.0135806
2.896162e-007,0.0199803
2.898162e-007,0.0199803
2.900162e-007,0.0199803
2.902162e-007,0.0135806
2.904162e-007,0.0199803
2.906162e-007,0.0327798
2.908162e-007,0.0135806
2.910162e-007,0.000781077
2.912162e-007,0.00718083
2.914162e-007,0.0199803
2.916162e-007,0.0199803
2.918162e-007,0.0135806
2.920162e-007,0.00718083
2.922162e-007,0.0135806
2.924162e-007,0.00718083
2.926162e-007,0.00718083
2.928162e-007,0.000781077
2.930162e-007,0.0135806
2.932162e-007,0.0135806
2.934162e-007,0.0135806
2.936162e-007,0.0135806
2.938162e-007,0.00718083
2.940162e-007,0.0135806
2.942162e-007,0.00718083
2.944162e-007,0.0135806
2.946162e-007,0.0199803
2.948162e-007,0.0135806
2.950162e-007,0.0135806
2.952162e-007,0.0199803
2.954162e-007,0.0263801
2.956162e-007,0.0135806
2.958162e-007,0.00718083
2.960162e-007,0.0199803
2.962162e-007,0.0135806
2.964162e-007,0.0199803
2.966162e-007,0.0199803
2.968162e-007,0.0135806
2.970162e-007,0.0135806
2.972162e-007,0.0135806
2.974162e-007,0.00718083
2.976162e-007,0.00718083
2.978162e-007,0.0263801
2.980162e-007,0.0135806
2.982162e-007,0.0199803
2.984162e-007,0.0199803
2.986162e-007,0.0199803
2.988162e-007,0.0199803
2.990162e-007,0.00718083
2.992162e-007,0.0135806
2.994162e-007,0.0135806
2.996162e-007,0.0135806
2.998162e-007,0.00718083
3.000162e-007,0.000781077
3.002162e-007,0.00718083
3.004162e-007,0.00718083
3.006162e-007,0.000781077
3.008162e-007,0.0263801
3.010162e-007,0.0135806
3.012162e-007,0.0135806
3.014162e-007,0.0135806
3.016162e-007,0.00718083
3.018162e-007,0.00718083
3.020162e-007,0.0199803
3.022162e-007,0.00718083
3.024162e-007,0.0135806
3.026162e-007,0.0199803
3.028162e-007,0.0199803
3.030162e-007,0.00718083
3.032162e-007,0.0135806
3.034162e-007,0.0135806
3.036162e-007,0.0263801
3.038162e-007,0.0263801
3.040162e-007,0.0199803
3.042162e-007,0.0199803
3.044162e-007,0.0199803
3.046162e-007,0.0263801
3.048162e-007,0.0199803
3.050162e-007,0.0263801
3.052162e-007,0.0135806
3.054162e-007,0.00718083
3.056162e-007,0.00718083
3.058162e-007,0.0135806
3.060162e-007,0.0135806
3.062162e-007,0.0199803
3.064162e-007,0.0199803
3.066162e-007,0.0199803
3.068162e-007,0.0199803
3.070162e-007,0.00718083
3.072162e-007,-0.00561868
3.074162e-007,0.00718083
3.076162e-007,0.000781077
3.078162e-007,0.00718083
3.080162e-007,0.0135806
3.082162e-007,0.0135806
3.084162e-007,0.00718083
3.086162e-007,0.0199803
3.088162e-007,0.0263801
3.090162e-007,0.0135806
3.092162e-007,0.00718083
3.094162e-007,0.0135806
3.096162e-007,0.0135806
3.098162e-007,0.0199803
3.100162e-007,0.00718083
3.102162e-007,0.0135806
3.104162e-007,0.0199803
3.106162e-007,0.0135806
3.108162e-007,0.00718083
3.110162e-007,0.0135806
3.112162e-007,0.0199803
3.114162e-007,0.000781077
3.116162e-007,0.0135806
3.118162e-007,0.0199803
3.120162e-007,0.0135806
3.122162e-007,0.0199803
3.124162e-007,0.0263801
3.126162e-007,0.0263801
3.128162e-007,0.0263801
3.130162e-007,0.0135806
3.132162e-007,0.00718083
3.134162e-007,0.0135806
3.136162e-007,0.0135806
3.138162e-007,0.000781077
3.140162e-007,0.000781077
3.142162e-007,0.0135806
3.144162e-007,0.0199803
3.146162e-007,0.0263801
3.148162e-007,0.0199803
3.150162e-007,0.0263801
3.152162e-007,0.0135806
3.154162e-007,0.0135806
3.156162e-007,0.0199803
3.158162e-007,0.0135806
3.160162e-007,0.00718083
3.162162e-007,0.0327798
3.164162e-007,0.0135806
3.166162e-007,0.000781077
3.168162e-007,0.00718083
3.170162e-007,0.0135806
3.172162e-007,0.0135806
3.174162e-007,0.0263801
3.176162e-007,0.0263801
3.178162e-007,0.00718083
3.180162e-007,0.00718083
3.182162e-007,0.0135806
3.184162e-007,0.0199803
3.186162e-007,0.00718083
3.188162e-007,0.0135806
3.190162e-007,0.0135806
3.192162e-007,0.00718083
3.194162e-007,0.0199803
3.196162e-007,0.0135806
3.198162e-007,0.00718083
3.200162e-007,0.0135806
3.202162e-007,0.0135806
3.204162e-007,0.0199803
3.206162e-007,0.0135806
3.208162e-007,0.0135806
3.210162e-007,0.0135806
3.212162e-007,0.0199803
3.214162e-007,0.0135806
3.216162e-007,0.0199803
3.218162e-007,0.00718083
3.220162e-007,0.0135806
3.222162e-007,0.0135806
3.224162e-007,0.0263801
3.226162e-007,0.0135806
3.228162e-007,0.0199803
3.230162e-007,0.0199803
3.232162e-007,0.0199803
3.234162e-007,0.0199803
3.236162e-007,0.0263801
3.238162e-007,0.0135806
3.240162e-007,0.0199803
3.242162e-007,0.0135806
3.244162e-007,0.00718083
3.246162e-007,0.0199803
3.248162e-007,0.0199803
3.250162e-007,0.0135806
3.252162e-007,0.0199803
3.254162e-007,0.0199803
3.256162e-007,0.00718083
3.258162e-007,0.00718083
3.260162e-007,0.00718083
3.262162e-007,0.0199803
3.264162e-007,0.0263801
3.266162e-007,0.0135806
3.268162e-007,0.0199803
3.270162e-007,0.0199803
3.272162e-007,0.0199803
3.274162e-007,0.0199803
3.276162e-007,0.00718083
3.278162e-007,0.0199803
3.280162e-007,0.00718083
3.282162e-007,0.0199803
3.284162e-007,0.0135806
3.286162e-007,0.0199803
3.288162e-007,0.0327798
3.290162e-007,0.0199803
3.292162e-007,0.0199803
3.294162e-007,0.0135806
3.296162e-007,0.0135806
3.298162e-007,0.0199803
3.300162e-007,0.0199803
3.302162e-007,0.0199803
3.304162e-007,0.00718083
3.306162e-007,0.00718083
3.308162e-007,0.0199803
3.310162e-007,0.0135806
3.312162e-007,0.0263801
3.314162e-007,0.0199803
3.316162e-007,0.0135806
3.318162e-007,0.0327798
3.320162e-007,0.0199803
3.322162e-007,0.0199803
3.324162e-007,0.00718083
3.326162e-007,0.0135806
3.328162e-007,0.000781077
3.330162e-007,0.0135806
3.332162e-007,0.0199803
3.334162e-007,0.0135806
3.336162e-007,0.0199803
3.338162e-007,0.00718083
3.340162e-007,0.00718083
3.342162e-007,0.0135806
3.344162e-007,0.000781077
3.346162e-007,0.0199803
3.348162e-007,0.0199803
3.350162e-007,0.0135806
3.352162e-007,0.000781077
3.354162e-007,0.0135806
3.356162e-007,0.0199803
3.358162e-007,0.0199803
3.360162e-007,0.0199803
3.362162e-007,0.0135806
3.364162e-007,0.0135806
3.366162e-007,0.00718083
3.368162e-007,0.0199803
3.370162e-007,0.0263801
3.372162e-007,0.0199803
3.374162e-007,0.0199803
3.376162e-007,0.0135806
3.378162e-007,0.0199803
3.380162e-007,0.00718083
3.382162e-007,0.0199803
3.384162e-007,0.00718083
3.386162e-007,0.0199803
3.388162e-007,0.0135806
3.390162e-007,0.0135806
3.392162e-007,0.0199803
3.394162e-007,0.00718083
3.396162e-007,0.0135806
3.398162e-007,0.00718083
3.400162e-007,0.0135806
3.402162e-007,0.0199803
3.404162e-007,0.0135806
3.406162e-007,0.00718083
3.408162e-007,0.00718083
3.410162e-007,0.00718083
3.412162e-007,0.00718083
3.414162e-007,0.0135806
3.416162e-007,0.0135806
3.418162e-007,0.0263801
3.420162e-007,0.0263801
3.422162e-007,0.0327798
3.424162e-007,0.0135806
3.426162e-007,-0.00561868
3.428162e-007,0.00718083
3.430162e-007,0.0135806
3.432162e-007,0.0199803
3.434162e-007,0.0135806
3.436162e-007,0.0199803
3.438162e-007,0.0135806
3.440162e-007,0.0135806
3.442162e-007,0.0199803
3.444162e-007,0.00718083
3.446162e-007,0.00718083
3.448162e-007,0.000781077
3.450162e-007,0.0135806
3.452162e-007,0.0135806
3.454162e-007,0.0199803
3.456162e-007,0.0135806
3.458162e-007,0.0135806
3.460162e-007,0.00718083
3.462162e-007,0.0135806
3.464162e-007,0.0135806
3.466162e-007,0.0263801
3.468162e-007,0.0263801
3.470162e-007,0.0199803
3.472162e-007,0.00718083
3.474162e-007,-0.00561868
3.476162e-007,0.0135806
3.478162e-007,0.0135806
3.480162e-007,0.0135806
3.482162e-007,0.00718083
3.484162e-007,0.0199803
3.486162e-007,0.0135806
3.488162e-007,0.00718083
3.490162e-007,0.000781077
3.492162e-007,0.0199803
3.494162e-007,0.0199803
3.496162e-007,0.0135806
3.498162e-007,0.0135806
3.500162e-007,0.0135806
3.502162e-007,0.00718083
3.504162e-007,-0.00561868
3.506162e-007,0.000781077
3.508162e-007,0.0135806
3.510162e-007,0.0327798
3.512162e-007,0.0135806
3.514162e-007,0.000781077
3.516162e-007,0.0135806
3.518162e-007,0.000781077
3.520162e-007,0.00718083
3.522162e-007,0.000781077
3.524162e-007,0.00718083
3.526162e-007,0.00718083
3.528162e-007,0.0199803
3.530162e-007,0.0135806
3.532162e-007,0.0135806
3.534162e-007,0.0135806
3.536162e-007,0.00718083
3.538162e-007,0.0135806
3.540162e-007,0.0199803
3.542162e-007,0.00718083
3.544162e-007,0.0263801
3.546162e-007,0.0327798
3.548162e-007,0.0199803
3.550162e-007,0.0199803
3.552162e-007,0.0135806
3.554162e-007,0.00718083
3.556162e-007,0.0263801
3.558162e-007,0.0263801
3.560162e-007,0.0135806
3.562162e-007,0.0199803
3.564162e-007,0.0199803
3.566162e-007,0.0263801
3.568162e-007,0.0135806
3.570162e-007,0.0199803
3.572162e-007,0.0199803
3.574162e-007,0.0135806
3.576162e-007,0.0135806
3.578162e-007,0.0199803
3.580162e-007,0.0263801
3.582162e-007,0.0135806
3.584162e-007,0.0199803
3.586162e-007,0.0135806
3.588162e-007,0.00718083
3.590162e-007,0.000781077
3.592162e-007,0.0135806
3.594162e-007,0.0199803
3.596162e-007,0.0263801
3.598162e-007,0.0199803
3.600162e-007,0.0199803
3.602162e-007,0.0263801
3.604162e-007,0.0135806
3.606162e-007,0.0135806
3.608162e-007,0.00718083
3.610162e-007,0.0135806
3.612162e-007,0.0199803
3.614162e-007,0.00718083
3.616162e-007,0.00718083
3.618162e-007,0.0199803
3.620162e-007,0.0135806
3.622162e-007,0.0135806
3.624162e-007,-0.00561868
3.626162e-007,0.0199803
3.628162e-007,0.000781077
3.630162e-007,0.0135806
3.632162e-007,0.0199803
3.634162e-007,0.0199803
3.636162e-007,0.0135806
3.638162e-007,0.0263801
3.640162e-007,0.00718083
3.642162e-007,0.0135806
3.644162e-007,0.0135806
3.646162e-007,0.0199803
3.648162e-007,0.0135806
3.650162e-007,0.00718083
3.652162e-007,0.0135806
3.654162e-007,0.0135806
3.656162e-007,0.0199803
3.658162e-007,0.0135806
3.660162e-007,0.00718083
3.662162e-007,0.0199803
3.664162e-007,0.00718083
3.666162e-007,0.0199803
3.668162e-007,0.0199803
3.670162e-007,0.0199803
3.672162e-007,0.0263801
3.674162e-007,0.0135806
3.676162e-007,0.0135806
3.678162e-007,0.0135806
3.680162e-007,0.0199803
3.682162e-007,0.0263801
3.684162e-007,0.0199803
3.686162e-007,0.0199803
3.688162e-007,0.0263801
3.690162e-007,0.0135806
3.692162e-007,0.0135806
3.694162e-007,0.00718083
3.696162e-007,0.0135806
3.698162e-007,0.0199803
3.700162e-007,0.0135806
3.702162e-007,0.0135806
3.704162e-007,0.0199803
3.706162e-007,0.00718083
3.708162e-007,0.0135806
3.710162e-007,0.0199803
3.712162e-007,0.000781077
3.714162e-007,0.00718083
3.716162e-007,0.00718083
3.718162e-007,0.0135806
3.720162e-007,0.0135806
3.722162e-007,0.0135806
3.724162e-007,0.0199803
3.726162e-007,0.0135806
3.728162e-007,0.0263801
3.730162e-007,0.0199803
3.732162e-007,0.0263801
3.734162e-007,0.0135806
3.736162e-007,0.0135806
3.738162e-007,0.00718083
3.740162e-007,0.00718083
3.742162e-007,0.0135806
3.744162e-007,0.0135806
3.746162e-007,0.00718083
3.748162e-007,0.0135806
3.750162e-007,0.00718083
3.752162e-007,0.0135806
3.754162e-007,0.0199803
3.756162e-007,0.0135806
3.758162e-007,0.0199803
3.760162e-007,0.0199803
3.762162e-007,0.0135806
3.764162e-007,0.0135806
3.766162e-007,0.0135806
3.768162e-007,0.0135806
3.770162e-007,0.0199803
3.772162e-007,0.0135806
3.774162e-007,0.0135806
3.776162e-007,0.0135806
3.778162e-007,0.00718083
3.780162e-007,0.0135806
3.782162e-007,0.0135806
3.784162e-007,0.00718083
3.786162e-007,0.0135806
3.788162e-007,0.0135806
3.790162e-007,0.00718083
3.792162e-007,0.00718083
3.794162e-007,0.0135806
3.796162e-007,0.0135806
3.798162e-007,0.00718083
3.800162e-007,0.0135806
3.802162e-007,0.0135806
3.804162e-007,0.0263801
3.806162e-007,0.0135806
3.808162e-007,0.0135806
3.810162e-007,0.00718083
3.812162e-007,0.0135806
3.814162e-007,0.00718083
3.816162e-007,0.0135806
3.818162e-007,0.00718083
3.820162e-007,0.000781077
3.822162e-007,0.000781077
3.824162e-007,0.000781077
3.826162e-007,0.0135806
3.828162e-007,0.0199803
3.830162e-007,0.0263801
3.832162e-007,0.0135806
3.834162e-007,0.0199803
3.836162e-007,0.0199803
3.838162e-007,0.0135806
3.840162e-007,0.0263801
3.842162e-007,0.0263801
3.844162e-007,0.0199803
3.846162e-007,0.00718083
3.848162e-007,0.00718083
3.850162e-007,0.00718083
3.852162e-007,0.000781077
3.854162e-007,0.0135806
3.856162e-007,0.0263801
3.858162e-007,0.0199803
3.860162e-007,0.0135806
3.862162e-007,0.0199803
3.864162e-007,0.0199803
3.866162e-007,0.0263801
3.868162e-007,0.0263801
3.870162e-007,0.0199803
3.872162e-007,0.0199803
3.874162e-007,0.0135806
3.876162e-007,0.00718083
3.878162e-007,0.000781077
3.880162e-007,0.00718083
3.882162e-007,0.0199803
3.884162e-007,0.00718083
3.886162e-007,0.0135806
3.888162e-007,0.0199803
3.890162e-007,0.0135806
3.892162e-007,0.0199803
3.894162e-007,0.0135806
3.896162e-007,0.0135806
3.898162e-007,0.0135806
3.900162e-007,0.0199803
3.902162e-007,0.0263801
3.904162e-007,0.0199803
3.906162e-007,0.0199803
3.908162e-007,0.00718083
3.910162e-007,0.0135806
3.912162e-007,0.0135806
3.914162e-007,0.0135806
3.916162e-007,0.0199803
3.918162e-007,0.0199803
3.920162e-007,0.0135806
3.922162e-007,0.0135806
3.924162e-007,0.00718083
3.926162e-007,0.0135806
3.928162e-007,0.0135806
3.930162e-007,0.0199803
3.932162e-007,0.0199803
3.934162e-007,0.0199803
3.936162e-007,0.0199803
3.938162e-007,0.0263801
3.940162e-007,0.0263801
3.942162e-007,0.0199803
3.944162e-007,0.0199803
3.946162e-007,0.00718083
3.948162e-007,0.00718083
3.950162e-007,0.0263801
3.952162e-007,0.0327798
3.954162e-007,0.0263801
3.956162e-007,0.0199803
3.958162e-007,0.00718083
3.960162e-007,0.0135806
3.962162e-007,0.0135806
3.964162e-007,-0.00561868
3.966162e-007,-0.00561868
3.968162e-007,0.0135806
3.970162e-007,0.0135806
3.972162e-007,0.0263801
3.974162e-007,0.0263801
3.976162e-007,0.0263801
3.978162e-007,0.0199803
3.980162e-007,0.00718083
3.982162e-007,0.00718083
3.984162e-007,0.00718083
3.986162e-007,0.0135806
3.988162e-007,0.00718083
3.990162e-007,0.00718083
3.992162e-007,0.0135806
3.994162e-007,0.000781077
3.996162e-007,0.00718083
3.998162e-007,0.0263801
4.000162e-007,0.0199803
4.002162e-007,0.0263801
4.004162e-007,0.0263801
4.006162e-007,0.0263801
4.008162e-007,0.0135806
4.010162e-007,0.0135806
4.012162e-007,0.0135806
4.014162e-007,0.00718083
4.016162e-007,0.0135806
4.018162e-007,0.000781077
4.020162e-007,0.0135806
4.022162e-007,0.0135806
4.024162e-007,0.0199803
4.026162e-007,0.00718083
4.028162e-007,0.0135806
4.030162e-007,0.0135806
4.032162e-007,0.0199803
4.034162e-007,0.0199803
4.036162e-007,0.0199803
4.038162e-007,0.0199803
4.040162e-007,0.0199803
4.042162e-007,0.0135806
4.044162e-007,0.00718083
4.046162e-007,0.0199803
4.048162e-007,0.0199803
4.050162e-007,0.000781077
4.052162e-007,-0.00561868
4.054162e-007,0.0135806
4.056162e-007,0.0135806
4.058162e-007,0.0263801
4.060162e-007,0.0135806
4.062162e-007,0.0135806
4.064162e-007,0.0135806
4.066162e-007,0.0199803
4.068162e-007,0.0135806
4.070162e-007,0.0199803
4.072162e-007,0.0135806
4.074162e-007,0.0135806
4.076162e-007,0.0199803
4.078162e-007,0.00718083
4.080162e-007,0.0199803
4.082162e-007,0.0199803
4.084162e-007,0.00718083
4.086162e-007,0.0263801
4.088162e-007,0.0135806
4.090162e-007,0.0199803
4.092162e-007,0.00718083
4.094162e-007,0.0135806
4.096162e-007,0.0135806
4.098162e-007,0.000781077
4.100162e-007,0.0135806
4.102162e-007,0.0135806
4.104162e-007,0.0263801
4.106162e-007,0.0135806
4.108162e-007,0.0199803
4.110162e-007,0.0135806
4.112162e-007,0.0135806
4.114162e-007,0.0135806
4.116162e-007,0.0263801
4.118162e-007,0.0199803
4.120162e-007,0.0135806
4.122162e-007,0.0199803
4.124162e-007,0.0263801
4.126162e-007,0.0263801
4.128162e-007,0.0199803
4.130162e-007,0.00718083
4.132162e-007,0.0135806
4.134162e-007,0.00718083
4.136162e-007,0.0135806
4.138162e-007,0.0135806
4.140162e-007,-0.00561868
4.142162e-007,0.0199803
4.144162e-007,0.00718083
4.146162e-007,0.000781077
4.148162e-007,0.0135806
4.150162e-007,0.00718083
4.152162e-007,0.0199803
4.154162e-007,0.0199803
4.156162e-007,0.0199803
4.158162e-007,0.0263801
4.160162e-007,0.0135806
4.162162e-007,0.00718083
4.164162e-007,0.0263801
4.166162e-007,0.0199803
4.168162e-007,0.0199803
4.170162e-007,0.0263801
4.172162e-007,0.0199803
4.174162e-007,0.0199803
4.176162e-007,0.0263801
4.178162e-007,0.00718083
4.180162e-007,0.0199803
4.182162e-007,0.0199803
4.184162e-007,0.00718083
4.186162e-007,0.0199803
4.188162e-007,0.0199803
4.190162e-007,0.0135806
4.192162e-007,0.0135806
4.194162e-007,0.0199803
4.196162e-007,0.0135806
4.198162e-007,0.000781077
4.200162e-007,0.00718083
4.202162e-007,0.0135806
4.204162e-007,0.00718083
4.206162e-007,0.0135806
4.208162e-007,0.0135806
4.210162e-007,0.0135806
4.212162e-007,0.0199803
4.214162e-007,0.0199803
4.216162e-007,0.0199803
4.218162e-007,0.0135806
4.220162e-007,0.0199803
4.222162e-007,0.00718083
4.224162e-007,0.0199803
4.226162e-007,0.0199803
4.228162e-007,0.00718083
4.230162e-007,0.000781077
4.232162e-007,0.00718083
4.234162e-007,0.0199803
4.236162e-007,0.0263801
4.238162e-007,0.0199803
4.240162e-007,0.0135806
4.242162e-007,0.00718083
4.244162e-007,0.0135806
4.246162e-007,0.0135806
4.248162e-007,0.0135806
4.250162e-007,0.0199803
4.252162e-007,0.0199803
4.254162e-007,0.0263801
4.256162e-007,0.0199803
4.258162e-007,0.0199803
4.260162e-007,0.000781077
4.262162e-007,0.0199803
4.264162e-007,0.0135806
4.266162e-007,0.0199803
4.268162e-007,0.0199803
4.270162e-007,0.0199803
4.272162e-007,0.00718083
4.274162e-007,0.0135806
4.276162e-007,0.00718083
4.278162e-007,0.0135806
4.280162e-007,0.00718083
4.282162e-007,0.00718083
4.284162e-007,0.00718083
4.286162e-007,0.0199803
4.288162e-007,0.0199803
4.290162e-007,0.0199803
4.292162e-007,0.0135806
4.294162e-007,0.0199803
4.296162e-007,-0.00561868
4.298162e-007,0.0135806
4.300162e-007,0.0135806
4.302162e-007,0.000781077
4.304162e-007,0.00718083
4.306162e-007,0.0135806
4.308162e-007,0.0199803
4.310162e-007,0.0135806
4.312162e-007,0.0199803
4.314162e-007,0.00718083
4.316162e-007,0.0135806
4.318162e-007,0.00718083
4.320162e-007,0.0199803
4.322162e-007,0.0199803
4.324162e-007,0.0135806
4.326162e-007,0.0135806
4.328162e-007,0.0135806
4.330162e-007,0.00718083
4.332162e-007,0.000781077
4.334162e-007,0.0135806
4.336162e-007,0.0199803
4.338162e-007,0.0135806
4.340162e-007,0.0199803
4.342162e-007,0.00718083
4.344162e-007,0.000781077
4.346162e-007,0.0135806
4.348162e-007,0.0135806
4.350162e-007,0.00718083
4.352162e-007,0.00718083
4.354162e-007,0.0135806
4.356162e-007,0.0199803
4.358162e-007,0.00718083
4.360162e-007,0.0135806
4.362162e-007,0.0135806
4.364162e-007,0.0135806
4.366162e-007,0.00718083
4.368162e-007,0.0135806
4.370162e-007,0.0135806
4.372162e-007,0.00718083
4.374162e-007,0.00718083
4.376162e-007,0.0135806
4.378162e-007,0.0199803
4.380162e-007,0.0135806
4.382162e-007,0.000781077
4.384162e-007,0.0135806
4.386162e-007,0.0135806
4.388162e-007,0.00718083
4.390162e-007,0.0199803
4.392162e-007,0.00718083
4.394162e-007,0.00718083
4.396162e-007,0.00718083
4.398162e-007,0.0135806
4.400162e-007,0.0199803
4.402162e-007,0.0135806
4.404162e-007,0.0135806
4.406162e-007,0.0199803
4.408162e-007,0.00718083
4.410162e-007,0.0135806
4.412162e-007,0.0135806
4.414162e-007,0.00718083
4.416162e-007,0.0199803
4.418162e-007,0.0263801
4.420162e-007,0.0135806
4.422162e-007,0.00718083
4.424162e-007,0.0135806
4.426162e-007,0.0199803
4.428162e-007,0.0199803
4.430162e-007,0.0199803
4.432162e-007,0.0135806
4.434162e-007,0.0199803
4.436162e-007,0.00718083
4.438162e-007,0.00718083
4.440162e-007,0.0135806
4.442162e-007,0.0135806
4.444162e-007,0.00718083
4.446162e-007,0.00718083
4.448162e-007,0.0135806
4.450162e-007,0.00718083
4.452162e-007,0.0135806
4.454162e-007,0.0135806
4.456162e-007,0.00718083
4.458162e-007,0.000781077
4.460162e-007,0.00718083
4.462162e-007,0.00718083
4.464162e-007,0.00718083
4.466162e-007,0.0199803
4.468162e-007,0.0135806
4.470162e-007,0.0263801
4.472162e-007,0.0199803
4.474162e-007,0.00718083
4.476162e-007,0.0199803
4.478162e-007,0.00718083
4.480162e-007,0.000781077
4.482162e-007,0.0199803
4.484162e-007,0.0199803
4.486162e-007,0.0135806
4.488162e-007,0.0199803
4.490162e-007,0.0135806
4.492162e-007,0.0135806
4.494162e-007,0.0199803
4.496162e-007,0.0135806
4.498162e-007,0.0135806
4.500162e-007,0.0199803
4.502162e-007,0.0199803
4.504162e-007,0.0199803
4.506162e-007,0.0135806
4.508162e-007,0.0135806
4.510162e-007,0.00718083
